23        0        4        4      4    13539    13615     39   1371        0
24        1        4        5      3    13528    13612      5   1371        0
25        0        4        4      5    13539    13615     18   1370        0
26        1        4        5      3    13535    13619     51   1369        0
27        1        4        5      3    13534    13624     19   1370        0
28        0        5        5      4    13532    13619     65   1370        0
29        1        4        5      3    13533    13619      2   1371        0
30        1        4        5      4    13537    13618     59   1370        0
31        0        4        4      3    13531    13620     24   1370        0
32        1        4        5      4    13535    13613     49   1370        0
33        0        4        4      3    13533    13619     57   1370        0
34        0        5        5      5    13527    13621      0   1371        0
35        0        4        4      4    13537    13613      4   1371        0
36        1        4        5      4    13537    13615     14   1371        0
37        0        5        5      5    13534    13620     70   1370        0
38        0        4        4      3    13537    13614     57   1370        0
39        0        4        4      5    13537    13619     41   1370        0
40        0        5        5      4    13529    13621     76   1370        0
41        0        4        4      4    13531    13619     73   1370        0
42        0        5        5      5    13534    13620     65   1370        0
43        0        4        4      5    13527    13625     75   1370        0
44       -1        5        4      6    13527    13624     79   1370        0
45        0        5        5      5    13527    13621     21   1371        0
46       -1        6        5      6    13532    13624     36   1371        0
47        0        5        5      6    13536    13619     47   1371        0
48       -1        5        4      5    13535    13614     56   1371        0
49       -1        5        4      6    13534    13612     28   1371        0
50        0        5        5      7    13540    13614     19   1371        0
51       -1        6        5      5    13542    13610     26   1370        0
52        0        5        5      5    13535    13614      0   1370        0
53       -1        5        4      6    13540    13614     65   1369        0
54        0        5        5      5    13535    13620     59   1369        0
55        1        4        5      4    13525    13623     70   1369        0
56        0        5        5      5    13529    13623     52   1369        0
57        0        5        5      5    13526    13620      8   1370        0
58        0        4        4      3    13532    13613     62   1369        0
59        0        5        5      5    13533    13616     50   1369        0
60        0        4        4      4    13535    13615     41   1369        0
61        0        5        5      5    13529    13623     43   1369        0
62        0        5        5      5    13527    13624     59   1369        0
63        0        4        4      5    13523    13624     48   1370        0
64        0        5        5      4    13525    13626     46   1370        0
65        0        5        5      5    13534    13622      0   1371        0
66        0        4        4      5    13531    13617     48   1371        0
67        0        5        5      6    13531    13610     41   1371        0
68       -1        5        4      4    13529    13613     79   1371        0
69        0        5        5      5    13538    13619     55   1371        0
70        0        5        5      6    13535    13618     46   1371        0
71       -1        5        4      5    13531    13620     47   1371        0
72        0        5        5      5    13537    13616     13   1371        0
73        0        5        5      6    13533    13614     65   1370        0
74       -1        5        4      5    13529    13620     69   1370        0
75        0        4        4      5    13538    13625      4   1371        0
76       -1        6        5      6    13536    13618     69   1370        0
77        0        5        5      5    13538    13620     40   1370        0
78        0        5        5      6    13531    13616     13   1370        0
79       -1        5        4      5    13534    13618     24   1370        0
80        0        5        5      5    13529    13616     24   1370        0
81       -1        5        4      7    13532    13618     71   1370        0
82        0        6        6      6    13532    13612      5   1371        0
83       -1        5        4      6    13538    13614     66   1370        0
84       -1        6        5      6    13529    13616     19   1371        0
85        0        5        5      7    13533    13618     29   1371        0
86       -1        5        4      5    13534    13619     75   1371        0
87        0        6        6      5    13531    13614      2   1372        0
88       -1        5        4      6    13533    13618     35   1372        0
89        0        5        5      5    13537    13608     27   1372        0
90       -1        5        4      6    13536    13615     58   1371        0
91        0        5        5      6    13528    13623     21   1371        0
92       -1        5        4      6    13536    13617     24   1371        0
93       -1        6        5      6    13532    13622     75   1370        0
94        0        5        5      6    13529    13620     26   1371        0
95       -1        5        4      5    13540    13610     25   1371        0
96       -1        5        4      6    13531    13623     28   1371        0
97        0        5        5      6    13542    13612     72   1370        0
98       -1        5        4      5    13536    13614     15   1370        0
99       -1        5        4      7    13536    13612     76   1369        0
 0        0        5        5      6    13536    13625     33   1369        0
 1       -1        6        5      5    13532    13621     24   1369        0
 2       -1        5        4      6    13532    13623     28   1369        0
 3        0        5        5      6    13532    13616     22   1369        0
 4       -1        5        4      5    13533    13615     41   1369        0
 5        0        5        5      6    13530    13616     53   1369        0
 6       -1        5        4      5    13541    13613     45   1370        0
 7        0        5        5      5    13531    13618     28   1370        0
 8        0        5        5      5    13539    13613     13   1370        0
 9        0        5        5      5    13539    13613     44   1370        0
10        0        4        4      4    13537    13617     59   1369        0
11        0        5        5      5    13529    13625     77   1368        0
12        0        4        4      5    13530    13631     26   1369        0
13        0        5        5      4    13531    13620     26   1369        0
14        0        4        4      5    13532    13625      0   1369        0
15        0        5        5      4    13535    13625      3   1369        0
16        1        5        6      5    13529    13619     49   1368        0
17        0        5        5      5    13537    13615     74   1368        0
18        0        4        4      3    13528    13617     69   1368        0
19        0        4        4      5    13525    13629     22   1368        0
20        0        5        5      4    13533    13625     41   1368        0
21        0        5        5      5    13533    13617      8   1369        0
22        0        4        4      4    13531    13619     30   1369        0
23        0        5        5      5    13530    13614     79   1368        0
24        0        4        4      5    13535    13614     52   1368        0
25        0        5        5      4    13531    13619     40   1368        0
26        0        5        5      5    13530    13611      0   1368        0
27        0        4        4      5    13531    13617     31   1368        0
28        0        5        5      4    13535    13617      5   1369        0
29        0        5        5      5    13535    13613     65   1368        0
30        0        4        4      5    13529    13617     50   1368        0
31        0        5        5      4    13530    13617     75   1368        0
32        0        5        5      6    13533    13617     59   1368        0
33        0        4        4      5    13531    13617     49   1368        0
34        0        5        5      4    13533    13613      6   1369        0
35        0        5        5      5    13533    13615      6   1369        0
36        0        4        4      4    13533    13626      7   1369        0
37        0        5        5      5    13529    13619     65   1368        0
38        0        5        5      4    13529    13619     57   1368        0
39        0        4        4      4    13537    13612      6   1369        0
40        0        5        5      5    13531    13621     50   1368        0
41        0        5        5      5    13529    13625     37   1368        0
42        0        4        4      4    13541    13615     14   1369        0
43        0        5        5      5    13535    13614     63   1368        0
44        0        4        4      4    13535    13617     33   1368        0
45        1        5        6      4    13530    13623     32   1368        0
46        0        4        4      4    13531    13611     61   1368        0
47        1        4        5      4    13532    13613     42   1368        0
48        0        4        4      3    13537    13612     14   1368        0
49        1        4        5      5    13534    13613     11   1368        0
50        0        4        4      3    13529    13626     74   1367        0
51        0        4        4      4    13526    13624     34   1368        0
52        1        5        6      4    13535    13617     16   1369        0
53        0        4        4      3    13535    13615     64   1368        0
54        0        4        4      5    13539    13609     33   1369        0
55        0        5        5      4    13537    13619     72   1368        0
56        0        4        4      4    13529    13623     73   1368        0
57        0        4        4      4    13532    13622     30   1369        0
58        1        4        5      4    13537    13610     71   1369        0
59        0        5        5      4    13536    13615     30   1369        0
60        0        4        4      4    13537    13611      2   1369        0
61        0        4        4      5    13537    13607     70   1369        0
62        0        5        5      4    13539    13611      3   1371        0
63        0        5        5      5    13531    13619     57   1370        0
64        0        4        4      6    13539    13605     65   1370        0
