56     -153      149       -4    302    12553    12546    -63    654
57     -153      149       -4    302    12549    12564    -40    654
58     -153      148       -5    301    12546    12565     16    654
59     -153      149       -4    302    12546    12561     -4    655
60     -153      149       -4    302    12550    12551     28    655
61     -153      148       -5    301    12549    12566     62    655
62     -153      150       -3    303    12557    12548     -8    656
63     -153      148       -5    301    12551    12549     -6    656
64     -153      149       -4    302    12551    12552     21    656
65     -153      149       -4    302    12553    12556     14    656
66     -153      149       -4    302    12552    12556     39    656
67     -153      148       -5    301    12554    12555     30    656
68     -153      149       -4    302    12555    12550     11    656
69     -154      149       -5    303    12561    12548    -47    656
70     -153      148       -5    301    12557    12545    -29    655
71     -153      149       -4    302    12557    12549    -12    654
72     -154      149       -5    303    12553    12551    -50    654
73     -153      149       -4    302    12553    12553    -59    654
74     -153      148       -5    301    12551    12543    -63    654
75     -154      149       -5    303    12551    12561      5    653
76     -153      149       -4    302    12551    12563     20    653
77     -153      149       -4    302    12549    12550     18    653
78     -154      149       -5    303    12547    12553     39    653
79     -153      149       -4    302    12545    12565     72    653
80     -153      149       -4    302    12557    12549    -14    654
81     -153      149       -4    302    12551    12564    -14    654
82     -154      149       -5    303    12549    12560     37    654
83     -152      148       -4    300    12549    12552      2    655
84     -154      149       -5    303    12551    12549      9    655
85     -153      149       -4    302    12545    12555     48    655
86     -153      149       -4    302    12554    12552      9    656
87     -153      149       -4    302    12555    12555     19    656
88     -153      148       -5    301    12561    12549    -19    656
89     -154      149       -5    303    12559    12548    -10    655
90     -153      149       -4    302    12555    12549    -40    655
91     -154      149       -5    303    12550    12551    -25    655
92     -153      149       -4    302    12552    12558     -7    655
93     -153      149       -4    302    12554    12560     29    655
94     -153      148       -5    301    12554    12554     20    655
95     -153      149       -4    302    12555    12556     29    655
96     -153      148       -5    301    12556    12548      1    655
97     -153      149       -4    302    12564    12549    -53    655
98     -153      148       -5    301    12558    12552    -12    654
99     -153      149       -4    302    12557    12550    -48    654
 0     -153      148       -5    301    12555    12553    -67    654
 1     -153      149       -4    302    12547    12561      7    653
 2     -153      148       -5    301    12547    12558     54    653
 3     -153      150       -3    303    12544    12561     39    654
 4     -153      148       -5    301    12549    12552      7    655
 5     -153      149       -4    302    12542    12566      3    656
 6     -153      148       -5    301    12552    12548     19    656
 7     -153      149       -4    302    12554    12544     -5    656
 8     -153      148       -5    301    12556    12549    -53    656
 9     -153      149       -4    302    12553    12542    -17    655
10     -153      148       -5    301    12551    12550    -51    655
11     -153      149       -4    302    12556    12555    -68    655
12     -153      149       -4    302    12553    12560    -37    655
13     -153      148       -5    301    12551    12561      0    655
14     -153      149       -4    302    12553    12550      4    655
15     -153      148       -5    301    12560    12556    -32    655
16     -153      149       -4    302    12553    12553    -46    655
17     -153      149       -4    302    12555    12556    -34    655
18     -153      149       -4    302    12549    12556    -10    655
19     -154      149       -5    303    12547    12558     21    655
20     -153      149       -4    302    12550    12555     72    655
21     -153      149       -4    302    12551    12559     23    656
22     -153      149       -4    302    12549    12552     27    656
23     -153      148       -5    301    12552    12546      9    656
24     -154      149       -5    303    12551    12552      2    656
25     -153      149       -4    302    12549    12560     32    656
26     -153      149       -4    302    12555    12553     46    656
27     -154      149       -5    303    12553    12551     47    656
28     -153      149       -4    302    12555    12542     22    656
29     -153      149       -4    302    12553    12543    -37    656
30     -154      149       -5    303    12553    12549    -66    656
31     -153      149       -4    302    12557    12549      0    655
32     -154      149       -5    303    12551    12559     23    655
33     -153      149       -4    302    12551    12549     48    655
34     -153      148       -5    301    12551    12549     32    655
35     -153      149       -4    302    12557    12548      5    655
36     -154      149       -5    303    12557    12541    -37    655
37     -153      148       -5    301    12548    12544    -34    655
38     -153      149       -4    302    12550    12547    -18    655
39     -153      149       -4    302    12547    12547    -24    655
40     -153      148       -5    301    12550    12552    -22    655
41     -154      149       -5    303    12547    12552    -20    655
42     -152      149       -3    301    12556    12566     10    655
43     -153      148       -5    301    12551    12558     35    655
44     -153      149       -4    302    12554    12552     38    655
45     -153      149       -4    302    12554    12554     63    655
46     -153      148       -5    301    12552    12556     -2    656
47     -153      148       -5    301    12554    12540    -33    656
48     -153      149       -4    302    12551    12550    -62    656
49     -153      148       -5    301    12554    12548    -11    655
50     -153      148       -5    301    12552    12545    -32    655
51     -153      148       -5    301    12550    12554    -55    655
52     -152      148       -4    300    12552    12543     -6    654
53     -153      148       -5    301    12548    12567     37    654
54     -153      148       -5    301    12542    12546     71    654
55     -152      148       -4    300    12550    12566     16    655
56     -153      148       -5    301    12544    12573     76    655
57     -152      149       -3    301    12547    12570     53    656
58     -153      148       -5    301    12551    12552     -3    657
59     -153      148       -5    301    12550    12550     27    657
60     -152      149       -3    301    12554    12548     33    657
61     -153      148       -5    301    12546    12566      4    658
62     -152      148       -4    300    12552    12560     11    658
63     -153      148       -5    301    12552    12550     22    658
64     -152      149       -3    301    12554    12542    -17    658
65     -153      148       -5    301    12556    12545    -45    658
66     -153      148       -5    301    12557    12546    -21    657
67     -154      149       -5    303    12551    12546    -57    657
68     -153      148       -5    301    12555    12556    -67    657
69     -153      149       -4    302    12547    12550      3    656
70     -153      149       -4    302    12556    12546    -23    656
71     -154      148       -6    302    12555    12546    -52    656
72     -153      149       -4    302    12553    12543    -64    656
73     -153      149       -4    302    12547    12563    -46    656
74     -153      149       -4    302    12550    12560     -3    656
75     -153      149       -4    302    12543    12557     52    656
76     -154      149       -5    303    12547    12559     17    657
77     -153      149       -4    302    12557    12557     13    657
78     -153      149       -4    302    12553    12553    -10    657
79     -154      149       -5    303    12551    12549    -26    657
80     -153      149       -4    302    12551    12543    -52    657
81     -154      149       -5    303    12549    12547    -56    657
82     -153      149       -4    302    12551    12554    -52    657
83     -154      149       -5    303    12555    12555    -44    657
84     -153      149       -4    302    12553    12554    -60    657
85     -154      149       -5    303    12551    12550    -59    657
86     -153      149       -4    302    12553    12556    -49    657
87     -154      149       -5    303    12549    12553    -46    657
88     -153      149       -4    302    12553    12552    -61    657
89     -154      149       -5    303    12551    12553    -72    657
90     -153      149       -4    302    12553    12549      8    656
91     -153      149       -4    302    12551    12545     -7    656
92     -154      149       -5    303    12551    12547      3    656
93     -153      149       -4    302    12556    12547    -29    656
94     -154      148       -6    302    12559    12543    -68    656
95     -153      149       -4    302    12557    12549    -15    655
96     -154      149       -5    303    12553    12555    -17    655
97     -153      149       -4    302    12559    12544    -41    655
98     -154      149       -5    303    12556    12554      1    654
99     -153      149       -4    302    12547    12559      1    654
 0     -154      149       -5    303    12539    12561     72    654
 1     -153      149       -4    302    12541    12561     53    655
 2     -153      150       -3    303    12543    12562     42    656
 3     -154      149       -5    303    12549    12561      7    657
 4     -154      149       -5    303    12554    12551     32    657
 5     -153      150       -3    303    12559    12551     23    657
 6     -154      149       -5    303    12563    12545    -26    657
 7     -153      149       -4    302    12559    12543     -4    656
 8     -154      149       -5    303    12557    12549    -45    656
 9     -154      149       -5    303    12553    12550     -1    655
10     -153      149       -4    302    12557    12555    -23    655
11     -154      149       -5    303    12559    12547    -63    655
12     -153      149       -4    302    12559    12550    -24    654
13     -154      149       -5    303    12553    12549    -45    654
14     -153      149       -4    302    12555    12559    -51    654
15     -154      149       -5    303    12551    12557    -26    654
16     -153      149       -4    302    12547    12566     11    654
17     -153      149       -4    302    12551    12563     52    654
18     -153      149       -4    302    12551    12557      3    655
19     -154      149       -5    303    12551    12547     13    655
20     -153      149       -4    302    12551    12551      0    655
21     -153      149       -4    302    12555    12545    -16    655
22     -154      149       -5    303    12557    12557    -10    655
23     -153      149       -4    302    12551    12560    -11    655
24     -153      149       -4    302    12552    12562     22    655
25     -153      149       -4    302    12549    12559     -2    656
26     -153      149       -4    302    12547    12557     40    656
27     -154      148       -6    302    12553    12553     70    656
28     -153      149       -4    302    12555    12556     59    656
29     -153      149       -4    302    12551    12545     35    656
30     -154      149       -5    303    12549    12547     -6    656
31     -153      148       -5    301    12555    12544    -37    656
32     -153      149       -4    302    12551    12542    -64    656
33     -154      148       -6    302    12551    12554    -57    656
34     -153      149       -4    302    12547    12566    -20    656
35     -153      149       -4    302    12548    12563     28    656
36     -153      149       -4    302    12546    12563     -1    657
37     -153      149       -4    302    12553    12559     36    657
38     -154      149       -5    303    12555    12563     54    657
39     -153      150       -3    303    12551    12552      1    658
40     -154      149       -5    303    12552    12553      3    658
41     -153      149       -4    302    12556    12553    -35    658
42     -153      149       -4    302    12557    12543     -4    657
43     -154      148       -6    302    12555    12545    -37    657
44     -153      149       -4    302    12553    12543    -74    657
45     -153      149       -4    302    12555    12543    -29    656
46     -154      148       -6    302    12559    12545    -70    656
47     -153      149       -4    302    12551    12546    -31    655
48     -153      148       -5    301    12554    12554    -51    655
49     -153      148       -5    301    12555    12546    -68    655
50     -152      149       -3    301    12548    12552    -70    655
51     -153      148       -5    301    12550    12556      1    654
52     -153      148       -5    301    12552    12563     23    654
53     -153      149       -4    302    12548    12550     37    654
54     -152      148       -4    300    12552    12558     56    654
55     -153      149       -4    302    12549    12551     67    654
