 0     -185      189        4    374    13339    13395     60   2883
 1     -185      190        5    375    13343    13388      2   2883
 2     -184      189        5    375    13357    13348    -18   2883
 3     -185      190        5    374    13364    13344    -20   2882
 4     -185      189        4    374    13378    13341     13   2881
 5     -185      190        5    375    13341    13371      8   2882
 6     -185      190        5    375    13329    13406      7   2884
 7     -185      190        5    375    13367    13357    -19   2883
 8     -184      190        6    374    13387    13322     -7   2881
 9     -186      190        4    375    13345    13396     43   2880
10     -185      190        5    375    13349    13380     38   2882
11     -185      190        5    375    13342    13386     25   2883
12     -185      189        4    375    13343    13381     21   2883
13     -184      190        6    374    13355    13360     -5   2883
14     -185      190        5    374    13363    13348     32   2883
15     -185      189        4    375    13358    13370     17   2882
16     -184      190        6    374    13337    13410     26   2883
17     -185      190        5    374    13367    13350     -3   2884
18     -185      190        5    375    13351    13366     23   2883
19     -185      189        4    375    13343    13372     26   2884
20     -185      190        5    374    13329    13408     48   2884
21     -185      189        4    375    13371    13337    -18   2883
22     -185      190        5    374    13350    13376     29   2882
23     -184      190        6    375    13374    13324    -75   2883
24     -185      190        5    375    13347    13384     42   2882
25     -185      189        4    374    13355    13356     -7   2883
26     -185      190        5    375    13322    13411     64   2884
27     -185      190        5    375    13369    13334    -25   2886
28     -185      190        5    374    13375    13344    -41   2885
29     -185      189        4    374    13360    13360     -5   2882
30     -185      189        4    374    13352    13384     42   2881
31     -184      190        6    375    13329    13408     43   2883
32     -185      190        5    374    13400    13320    -74   2885
33     -184      189        5    374    13368    13328     29   2884
34     -185      190        5    374    13355    13374      3   2884
35     -185      189        4    374    13347    13380     14   2883
36     -184      189        5    375    13363    13346      8   2882
37     -185      190        5    373    13361    13356     37   2881
38     -185      190        5    375    13367    13354      1   2881
39     -184      189        5    375    13343    13388     31   2881
40     -185      190        5    374    13337    13378     55   2881
41     -185      190        5    374    13339    13386      1   2883
42     -185      189        4    375    13359    13360     23   2882
43     -185      190        5    374    13363    13360    -51   2881
44     -185      189        4    375    13332    13411     79   2881
45     -184      190        6    374    13381    13334     16   2881
46     -185      190        5    374    13363    13376     28   2880
47     -185      189        4    375    13357    13356     49   2881
48     -185      190        5    374    13345    13370     42   2881
49     -184      190        6    374    13340    13390     72   2882
50     -185      190        5    375    13347    13397      7   2883
51     -185      189        4    374    13361    13363    -32   2882
52     -185      190        5    375    13361    13358     24   2881
53     -185      190        5    375    13365    13359    -55   2881
54     -184      189        5    375    13331    13394     42   2881
55     -185      190        5    375    13327    13403      0   2883
56     -185      191        6    374    13349    13362     -8   2883
57     -185      190        5    375    13342    13388     20   2884
58     -185      190        5    375    13323    13410     73   2883
59     -185      189        4    374    13363    13348    -52   2883
60     -184      190        6    375    13331    13420     41   2882
61     -185      190        5    375    13345    13372     36   2882
62     -185      190        5    375    13359    13374      3   2882
63     -185      190        5    375    13341    13389      4   2883
64     -185      190        5    375    13345    13384     -6   2884
65     -185      190        5    375    13349    13375     52   2883
66     -185      190        5    375    13343    13392     52   2883
67     -185      190        5    375    13369    13352     26   2882
68     -185      190        5    375    13329    13414     35   2882
69     -185      190        5    374    13350    13367    -13   2884
70     -185      190        5    375    13369    13330    -39   2883
71     -185      190        5    375    13340    13390     25   2883
72     -185      190        5    375    13342    13394     14   2884
73     -185      190        5    375    13343    13382     11   2884
74     -185      189        4    375    13343    13388      4   2885
75     -185      190        5    374    13345    13386     32   2885
76     -184      190        6    375    13365    13346     18   2885
77     -185      189        4    374    13347    13385     -5   2885
78     -185      190        5    374    13343    13382     39   2885
79     -185      190        5    375    13335    13400      3   2886
80     -185      189        4    375    13339    13393     73   2886
81     -185      190        5    374    13352    13382     -7   2887
82     -185      190        5    375    13351    13372    -29   2886
83     -185      190        5    375    13392    13322    -76   2886
84     -185      189        4    374    13353    13376     22   2885
85     -184      190        6    374    13357    13376     25   2886
86     -185      189        4    375    13367    13358    -21   2885
87     -185      190        5    374    13349    13378     26   2884
88     -185      190        5    375    13365    13358    -57   2885
89     -185      190        5    375    13347    13404     73   2884
90     -184      189        5    375    13357    13363     10   2884
91     -185      190        5    374    13355    13377    -25   2885
92     -185      190        5    375    13362    13354     24   2883
93     -185      190        5    375    13356    13359     23   2883
94     -186      190        4    375    13364    13349     22   2883
95     -185      190        5    375    13342    13402    -16   2884
96     -185      190        5    375    13353    13383      4   2884
97     -185      190        5    377    13340    13390      4   2886
98     -185      190        5    375    13349    13375     43   2886
99     -185      190        5    375    13326    13404     10   2888
 0     -186      190        4    374    13373    13330    -17   2886
 1     -185      190        5    375    13348    13371     14   2886
 2     -186      191        5    377    13348    13387     68   2886
 3     -185      190        5    376    13340    13377     -3   2886
 4     -186      191        5    376    13367    13345     11   2885
 5     -186      190        4    376    13340    13393     77   2884
 6     -185      190        5    376    13357    13373     -7   2885
 7     -186      191        5    376    13362    13359     10   2885
 8     -185      190        5    375    13319    13413     39   2885
 9     -186      190        4    377    13350    13347    -19   2885
10     -185      190        5    375    13340    13385     31   2884
11     -185      190        5    376    13346    13376     38   2885
12     -186      191        5    375    13342    13383     32   2884
13     -185      190        5    375    13345    13393     13   2885
14     -185      190        5    375    13349    13383     41   2884
15     -185      190        5    375    13370    13353    -19   2885
16     -185      190        5    376    13349    13380     41   2884
17     -186      190        4    375    13355    13378    -10   2884
18     -185      190        5    376    13344    13387     76   2883
19     -186      191        5    376    13339    13379     74   2883
20     -185      190        5    375    13354    13362     48   2883
21     -185      190        5    377    13370    13319      1   2883
22     -186      190        4    375    13345    13387     31   2882
23     -185      190        5    375    13366    13369     21   2882
24     -185      191        6    375    13328    13417     69   2882
25     -185      190        5    375    13325    13417     36   2885
26     -185      190        5    377    13342    13383     24   2886
27     -186      191        5    375    13354    13365      4   2887
28     -185      190        5    377    13348    13371     28   2887
29     -186      191        5    375    13322    13407     69   2886
30     -185      190        5    375    13363    13345     -1   2886
31     -185      190        5    377    13332    13393     14   2887
32     -186      191        5    375    13348    13379     18   2886
33     -186      190        4    376    13384    13317    -62   2885
34     -185      190        5    376    13354    13361     19   2883
35     -186      190        4    376    13345    13365     45   2882
36     -185      191        6    375    13320    13411     24   2884
37     -185      190        5    376    13347    13373     56   2884
38     -186      190        4    375    13362    13352    -26   2884
39     -185      190        5    376    13334    13409     41   2884
40     -185      191        6    376    13368    13343    -21   2883
41     -186      190        4    375    13378    13329    -55   2882
42     -185      190        5    375    13330    13393     17   2882
43     -185      190        5    377    13362    13363     31   2882
44     -185      190        5    375    13351    13368     -2   2882
45     -185      190        5    375    13350    13367    -30   2882
46     -185      191        6    375    13319    13417     71   2883
47     -185      190        5    375    13347    13388      8   2885
48     -185      189        4    374    13340    13395     41   2886
49     -185      190        5    375    13363    13368      9   2885
