77     -235      231       -4    466    12541    12568      0    659
78     -235      231       -4    466    12545    12566     59    659
79     -235      230       -5    465    12547    12556     22    660
80     -235      231       -4    466    12548    12553     51    660
81     -235      230       -5    465    12554    12547     35    660
82     -235      230       -5    465    12549    12540    -14    660
83     -235      230       -5    465    12549    12542    -21    660
84     -235      230       -5    465    12555    12544    -45    660
85     -235      230       -5    465    12552    12545     -1    659
86     -234      230       -4    464    12551    12544    -34    659
87     -235      230       -5    465    12549    12547    -56    659
88     -235      230       -5    465    12546    12552    -39    659
89     -234      230       -4    464    12545    12556      3    659
90     -235      230       -5    465    12549    12550     10    659
91     -235      230       -5    465    12546    12545     -3    659
92     -235      230       -5    465    12549    12542    -43    659
93     -234      230       -4    464    12551    12542    -73    659
94     -235      229       -6    464    12546    12549      8    658
95     -234      230       -4    464    12548    12555     25    658
96     -235      231       -4    466    12546    12546     23    658
97     -235      230       -5    465    12546    12554     13    658
98     -235      230       -5    465    12547    12552     19    658
99     -235      230       -5    465    12549    12546     25    658
 0     -235      230       -5    465    12547    12550     37    658
 1     -235      230       -5    465    12547    12550     34    658
 2     -235      230       -5    465    12545    12553     40    658
 3     -235      230       -5    465    12545    12548     49    658
 4     -234      230       -4    464    12546    12556     22    659
 5     -235      231       -4    466    12546    12559     16    660
 6     -235      230       -5    465    12548    12560     64    660
 7     -234      230       -4    464    12547    12556     16    661
 8     -235      230       -5    465    12550    12550     12    661
 9     -235      231       -4    466    12558    12544    -35    661
10     -235      230       -5    465    12551    12548    -58    661
11     -235      230       -5    465    12553    12552     -5    660
12     -236      231       -5    467    12555    12542    -33    660
13     -235      230       -5    465    12560    12540     -1    659
14     -235      230       -5    465    12552    12550    -44    659
15     -235      230       -5    465    12549    12550    -51    659
16     -234      231       -3    465    12545    12555    -18    659
17     -235      230       -5    465    12547    12550      4    659
18     -235      230       -5    465    12546    12552     33    659
19     -235      230       -5    465    12547    12544     32    659
20     -235      231       -4    466    12553    12546     23    659
21     -235      230       -5    465    12556    12542    -34    659
22     -235      230       -5    465    12551    12547    -58    659
23     -235      230       -5    465    12550    12546    -68    659
24     -235      231       -4    466    12547    12548    -57    659
25     -235      230       -5    465    12546    12555    -24    659
26     -235      231       -4    466    12551    12549    -12    659
27     -235      230       -5    465    12549    12549    -27    659
28     -235      230       -5    465    12549    12550    -25    659
29     -235      230       -5    465    12550    12546    -41    659
30     -235      230       -5    465    12558    12550    -71    659
31     -235      231       -4    466    12549    12542    -18    658
32     -235      230       -5    465    12549    12559    -10    658
33     -235      231       -4    466    12545    12559     61    658
34     -234      230       -4    464    12546    12559     42    659
35     -235      230       -5    465    12549    12548     40    659
36     -236      231       -5    467    12549    12552     29    659
37     -235      230       -5    465    12545    12557     28    659
38     -234      230       -4    464    12544    12562     78    659
39     -235      231       -4    466    12550    12562     41    660
40     -235      230       -5    465    12555    12542     31    660
41     -235      230       -5    465    12553    12538    -27    660
42     -236      231       -5    467    12555    12538    -68    660
43     -235      230       -5    465    12547    12548    -12    659
44     -235      230       -5    465    12547    12556     20    659
45     -235      231       -4    466    12546    12553     59    659
46     -234      230       -4    464    12548    12556      3    660
47     -235      230       -5    465    12554    12548     -1    660
48     -235      230       -5    465    12548    12556      6    660
49     -234      231       -3    465    12549    12552     14    660
50     -235      230       -5    465    12556    12550     11    660
51     -235      230       -5    465    12555    12544    -30    660
52     -235      230       -5    465    12561    12540     -7    659
53     -235      230       -5    465    12552    12542    -66    659
54     -235      231       -4    466    12551    12548      0    658
55     -236      230       -6    466    12548    12547     -9    658
56     -235      230       -5    465    12547    12554     13    658
57     -235      231       -4    466    12547    12550     46    658
58     -235      231       -4    466    12548    12553     69    658
59     -235      230       -5    465    12549    12544    -11    659
60     -236      230       -6    466    12552    12543    -51    659
61     -235      231       -4    466    12549    12542    -31    658
62     -235      230       -5    465    12551    12549    -36    658
63     -235      231       -4    466    12547    12565      6    658
64     -235      230       -5    465    12547    12554     52    658
65     -235      231       -4    466    12549    12552     14    659
66     -235      230       -5    465    12547    12546      7    659
67     -236      231       -5    467    12547    12548     11    659
68     -235      231       -4    466    12547    12545      7    659
69     -236      230       -6    466    12549    12548      5    659
70     -235      231       -4    466    12551    12545     -8    659
71     -236      230       -6    466    12555    12546    -36    659
72     -235      231       -4    466    12546    12547    -47    659
73     -235      231       -4    466    12553    12543    -58    659
74     -236      230       -6    466    12553    12548    -74    659
75     -235      230       -5    465    12549    12554      2    658
76     -235      230       -5    465    12547    12549      2    658
77     -235      231       -4    466    12545    12547     13    658
78     -235      230       -5    465    12543    12552     34    658
79     -235      231       -4    466    12547    12547     52    658
80     -236      230       -6    466    12545    12546     76    658
81     -235      231       -4    466    12547    12544    -13    659
82     -235      231       -4    466    12545    12561     39    659
83     -236      231       -5    467    12545    12564     11    660
84     -235      230       -5    465    12549    12550     33    660
85     -235      231       -4    466    12551    12542     10    660
86     -235      230       -5    465    12548    12554     -1    660
87     -235      231       -4    466    12543    12557     39    660
88     -235      231       -4    466    12541    12561      6    661
89     -235      230       -5    465    12549    12563     32    661
90     -235      231       -4    466    12548    12554     50    661
91     -236      230       -6    466    12547    12554     67    661
92     -235      231       -4    466    12551    12543     54    661
93     -235      230       -5    465    12555    12543     15    661
94     -235      231       -4    466    12559    12538    -58    661
95     -236      230       -6    466    12557    12543    -40    660
96     -235      230       -5    465    12551    12558    -50    660
97     -235      231       -4    466    12554    12549    -74    660
98     -235      230       -5    465    12550    12550      9    659
99     -235      230       -5    465    12553    12540    -54    659
 0     -235      230       -5    465    12551    12542    -26    658
 1     -235      231       -4    466    12551    12550    -75    658
 2     -235      230       -5    465    12547    12563     38    657
 3     -234      230       -4    464    12546    12554      9    658
 4     -235      231       -4    466    12548    12548     27    658
 5     -235      230       -5    465    12548    12542     -7    658
 6     -235      230       -5    465    12555    12544    -42    658
 7     -235      230       -5    465    12553    12542    -16    657
 8     -235      230       -5    465    12555    12542    -56    657
 9     -235      229       -6    464    12552    12545     -2    656
10     -235      231       -4    466    12547    12556     11    656
11     -235      230       -5    465    12546    12558     26    656
12     -234      230       -4    464    12545    12556     67    656
13     -235      231       -4    466    12550    12546    -13    657
14     -235      230       -5    465    12552    12547    -31    657
15     -235      230       -5    465    12547    12543    -40    657
16     -235      230       -5    465    12545    12549    -44    657
17     -235      231       -4    466    12538    12556      7    657
18     -235      230       -5    465    12545    12558     68    657
19     -235      231       -4    466    12555    12549     15    658
20     -235      230       -5    465    12553    12544    -23    658
21     -236      231       -5    467    12553    12544     -3    657
22     -235      231       -4    466    12554    12543    -55    657
23     -236      230       -6    466    12551    12542    -20    656
24     -235      231       -4    466    12555    12548    -50    656
25     -236      230       -6    466    12551    12554    -71    656
26     -235      231       -4    466    12549    12546     13    655
27     -236      231       -5    467    12545    12553     44    655
28     -235      231       -4    466    12544    12546      1    656
29     -235      230       -5    465    12545    12556     59    656
30     -235      231       -4    466    12551    12550     53    656
31     -235      230       -5    465    12545    12554     60    656
32     -235      231       -4    466    12545    12556     14    657
33     -235      231       -4    466    12541    12559     75    657
34     -235      230       -5    465    12545    12559     39    658
35     -236      231       -5    467    12549    12546     62    658
36     -235      231       -4    466    12551    12540     30    658
37     -236      230       -6    466    12551    12556      9    658
38     -235      231       -4    466    12549    12563     32    658
39     -236      231       -5    467    12549    12556     57    658
40     -235      231       -4    466    12555    12550     38    658
41     -236      231       -5    467    12553    12547      0    658
42     -235      231       -4    466    12551    12543    -29    658
43     -236      230       -6    466    12552    12543    -12    657
44     -236      231       -5    467    12547    12551    -21    657
45     -235      232       -3    467    12542    12565     45    657
46     -236      231       -5    467    12543    12549     19    658
47     -235      231       -4    466    12549    12548     28    658
48     -236      231       -5    467    12553    12538      7    658
49     -236      230       -6    466    12551    12539    -64    658
50     -236      231       -5    467    12553    12542    -18    657
51     -236      231       -5    467    12553    12545    -51    657
52     -235      231       -4    466    12549    12542      0    656
53     -236      231       -5    467    12542    12550     27    656
54     -236      231       -5    467    12545    12557     41    656
55     -235      231       -4    466    12545    12559     21    657
56     -236      231       -5    467    12550    12555     58    657
57     -235      231       -4    466    12547    12551     17    658
58     -236      231       -5    467    12549    12549     39    658
59     -235      231       -4    466    12551    12555     64    658
60     -236      231       -5    467    12551    12550     -3    659
61     -235      231       -4    466    12549    12543    -22    659
62     -236      231       -5    467    12555    12533     -6    658
63     -236      231       -5    467    12550    12543      0    657
64     -236      231       -5    467    12549    12564     52    657
65     -235      231       -4    466    12551    12544     40    657
66     -236      231       -5    467    12545    12551     47    657
67     -235      232       -3    467    12545    12549      6    658
68     -236      231       -5    467    12547    12549     40    658
69     -235      231       -4    466    12547    12549     46    658
70     -236      230       -6    466    12559    12548     34    658
71     -235      231       -4    466    12547    12555     26    658
72     -236      231       -5    467    12549    12555     23    658
73     -235      231       -4    466    12550    12548     15    658
74     -236      230       -6    466    12547    12546     12    658
75     -235      231       -4    466    12551    12545     -3    658
76     -235      230       -5    465    12547    12546    -42    658
77     -236      231       -5    467    12549    12556      8    657
78     -235      231       -4    466    12551    12552     18    657
79     -235      230       -5    465    12545    12562     52    657
80     -235      231       -4    466    12547    12566     15    658
81     -235      231       -4    466    12547    12546     35    658
82     -235      231       -4    466    12545    12550     52    658
83     -236      230       -6    466    12547    12550     66    658
84     -235      231       -4    466    12547    12544     64    658
85     -235      231       -4    466    12557    12543     29    658
86     -236      230       -6    466    12555    12544     -9    658
87     -235      231       -4    466    12553    12551    -18    658
88     -236      231       -5    467    12548    12555     -1    658
89     -235      231       -4    466    12547    12553     27    658
90     -235      231       -4    466    12545    12554     75    658
91     -235      230       -5    465    12546    12554     38    659
92     -235      231       -4    466    12546    12547     61    659
93     -235      230       -5    465    12553    12544     41    659
94     -236      231       -5    467    12558    12544      0    659
95     -235      230       -5    465    12548    12550    -14    659
96     -235      231       -4    466    12550    12554      1    659
97     -235      230       -5    465    12549    12550     19    659
98     -234      230       -4    464    12551    12544      9    659
99     -235      231       -4    466    12556    12548     -4    659
 0     -235      230       -5    465    12556    12546    -17    659
 1     -236      230       -6    466    12555    12546    -66    659
 2     -234      230       -4    464    12544    12552    -51    659
 3     -235      231       -4    466    12549    12546    -44    659
 4     -236      230       -6    466    12555    12548    -10    658
 5     -235      230       -5    465    12547    12550     -9    658
 6     -234      231       -3    465    12550    12550    -18    658
 7     -235      230       -5    465    12552    12552    -13    658
 8     -235      230       -5    465    12551    12560     16    658
 9     -235      231       -4    466    12547    12558     54    658
10     -235      230       -5    465    12552    12554     52    658
11     -235      230       -5    465    12557    12546      6    658
12     -235      231       -4    466    12555    12544    -43    658
13     -235      230       -5    465    12548    12546    -68    658
14     -235      230       -5    465    12551    12550    -57    658
15     -235      230       -5    465    12546    12558    -43    658
16     -235      231       -4    466    12547    12556    -17    658
17     -235      230       -5    465    12549    12546    -23    658
18     -235      231       -4    466    12552    12552    -39    658
19     -235      230       -5    465    12553    12545    -68    658
20     -235      231       -4    466    12553    12544     -1    657
21     -235      230       -5    465    12552    12550    -31    657
22     -235      230       -5    465    12558    12546    -68    657
23     -235      230       -5    465    12552    12544    -16    656
24     -235      230       -5    465    12550    12548    -29    656
25     -234      230       -4    464    12548    12558    -17    656
26     -235      231       -4    466    12548    12556     19    656
27     -235      230       -5    465    12546    12558     63    656
28     -234      230       -4    464    12548    12551      2    657
29     -235      231       -4    466    12548    12552     22    657
30     -235      230       -5    465    12548    12556     48    657
31     -235      230       -5    465    12548    12548     58    657
32     -235      230       -5    465    12550    12550     64    657
33     -234      231       -3    465    12550    12554     66    657
34     -235      230       -5    465    12552    12544     45    657
35     -235      230       -5    465    12556    12543    -10    657
36     -235      230       -5    465    12550    12550    -20    657
37     -234      229       -5    463    12544    12553      3    657
38     -234      230       -4    464    12548    12553     32    657
39     -235      230       -5    465    12550    12549     26    657
40     -234      230       -4    464    12550    12542      8    657
41     -235      230       -5    465    12554    12546    -18    657
42     -235      230       -5    465    12548    12548    -26    657
43     -234      230       -4    464    12546    12554    -20    657
44     -234      230       -4    464    12546    12552     18    657
45     -235      230       -5    465    12547    12544      6    657
46     -235      230       -5    465    12546    12546     17    657
47     -235      230       -5    465    12552    12550     20    657
48     -234      230       -4    464    12544    12558      9    658
49     -235      230       -5    465    12544    12560     78    658
50     -235      230       -5    465    12547    12550      7    659
51     -234      230       -4    464    12548    12549      4    659
52     -235      230       -5    465    12556    12547    -18    659
53     -235      229       -6    464    12555    12539    -65    659
54     -235      231       -4    466    12547    12548     -2    658
55     -234      230       -4    464    12548    12554      6    658
56     -235      230       -5    465    12548    12558     42    658
57     -235      230       -5    465    12544    12562      2    659
58     -234      231       -3    465    12547    12552     22    659
59     -235      229       -6    464    12548    12547     29    659
60     -235      230       -5    465    12550    12550     18    659
61     -235      231       -4    466    12550    12548     -3    659
62     -235      230       -5    465    12549    12546    -33    659
63     -235      230       -5    465    12551    12546    -33    659
64     -235      230       -5    465    12550    12550    -36    659
65     -235      231       -4    466    12548    12554    -29    659
66     -235      230       -5    465    12549    12550     -5    659
67     -235      231       -4    466    12549    12550     -1    659
68     -235      230       -5    465    12549    12554      8    659
69     -235      231       -4    466    12543    12553     41    659
70     -235      230       -5    465    12545    12556     15    660
71     -235      231       -4    466    12550    12546     10    660
72     -235      230       -5    465    12554    12544    -28    660
73     -235      230       -5    465    12547    12558    -34    660
74     -235      231       -4    466    12546    12557      5    660
