84      -46       43       -3     89    12560    12547     20    650
85      -47       42       -5     89    12551    12563     60    650
86      -47       43       -4     90    12542    12568      0    651
87      -46       42       -4     88    12545    12567     56    651
88      -46       42       -4     88    12547    12563     44    652
89      -46       42       -4     88    12550    12571     29    653
90      -46       42       -4     88    12559    12556     38    653
91      -46       41       -5     87    12547    12551     45    653
92      -46       42       -4     88    12561    12567     66    653
93      -46       42       -4     88    12549    12545     -3    654
94      -45       41       -4     86    12546    12556    -11    654
95      -46       41       -5     87    12559    12546    -40    654
96      -45       41       -4     86    12552    12540     -4    653
97      -46       42       -4     88    12551    12545    -64    653
98      -47       42       -5     89    12563    12546    -17    652
99      -46       42       -4     88    12563    12557    -20    652
 0      -46       41       -5     87    12559    12551    -49    652
 1      -46       42       -4     88    12556    12562     -1    651
 2      -46       42       -4     88    12563    12559     -7    651
 3      -47       42       -5     89    12553    12551    -27    651
 4      -47       43       -4     90    12546    12557     -5    651
 5      -46       42       -4     88    12557    12565     13    651
 6      -46       42       -4     88    12545    12565     48    651
 7      -46       42       -4     88    12550    12562     29    652
 8      -47       42       -5     89    12561    12549     10    652
 9      -46       43       -3     89    12543    12556     10    652
10      -47       42       -5     89    12551    12562     55    652
11      -46       42       -4     88    12554    12554    -11    653
12      -46       41       -5     87    12542    12564     54    653
13      -46       42       -4     88    12548    12542     54    653
14      -46       42       -4     88    12550    12550     33    653
15      -46       42       -4     88    12544    12560     70    653
16      -47       42       -5     89    12555    12543     23    653
17      -46       42       -4     88    12568    12549    -16    653
18      -46       41       -5     87    12550    12548    -68    653
19      -46       42       -4     88    12551    12543    -29    652
20      -46       42       -4     88    12543    12553    -40    652
21      -46       42       -4     88    12551    12549    -57    652
22      -46       41       -5     87    12553    12558    -30    652
23      -46       42       -4     88    12558    12554    -24    652
24      -46       42       -4     88    12557    12547    -32    652
25      -46       42       -4     88    12542    12565    -10    652
26      -47       42       -5     89    12556    12570     50    652
27      -46       42       -4     88    12553    12563     29    653
28      -46       41       -5     87    12564    12546    -35    653
29      -46       42       -4     88    12539    12558     25    652
30      -46       42       -4     88    12565    12558     25    652
31      -47       42       -5     89    12552    12548     43    652
32      -46       42       -4     88    12557    12561     71    652
33      -46       42       -4     88    12553    12544     31    653
34      -47       42       -5     89    12558    12553     27    653
35      -46       42       -4     88    12558    12568     17    653
36      -47       43       -4     90    12552    12567     53    653
37      -47       43       -4     90    12551    12551     44    653
38      -46       42       -4     88    12565    12556     49    653
39      -46       42       -4     88    12553    12557     57    653
40      -47       43       -4     90    12555    12553      5    654
41      -47       43       -4     90    12552    12555     31    654
42      -47       42       -5     89    12557    12563     51    654
43      -46       42       -4     88    12558    12552     14    654
44      -47       43       -4     90    12553    12555     25    654
45      -47       43       -4     90    12556    12553     22    654
46      -48       43       -5     91    12555    12551     14    654
47      -47       43       -4     90    12552    12559    -33    654
48      -47       43       -4     90    12563    12540    -19    653
49      -47       43       -4     90    12559    12556    -61    653
50      -48       43       -5     91    12554    12554    -75    653
51      -49       44       -5     93    12562    12552    -51    652
52      -47       43       -4     90    12550    12551     -1    651
53      -47       43       -4     90    12555    12559     13    651
54      -48       43       -5     91    12551    12554     19    651
55      -48       44       -4     92    12551    12564     74    651
56      -48       43       -5     91    12551    12565     59    652
57      -47       43       -4     90    12548    12560      2    653
58      -47       43       -4     90    12543    12564     65    653
59      -47       43       -4     90    12549    12564     11    654
60      -47       43       -4     90    12553    12552     36    654
61      -48       43       -5     91    12554    12554     -1    654
62      -47       42       -5     89    12563    12549    -70    654
63      -47       43       -4     90    12557    12540    -19    653
64      -47       43       -4     90    12557    12545    -39    653
65      -47       43       -4     90    12563    12543    -75    653
66      -47       42       -5     89    12557    12554     -9    652
67      -47       43       -4     90    12553    12556      9    652
68      -47       42       -5     89    12556    12550     61    652
69      -47       44       -3     91    12558    12542     15    652
70      -47       43       -4     90    12558    12556     10    652
71      -47       42       -5     89    12551    12565     42    652
72      -47       42       -5     89    12537    12546     19    653
73      -46       43       -3     89    12559    12563     69    653
74      -48       43       -5     91    12559    12559     70    653
75      -46       42       -4     88    12548    12558     27    654
76      -47       42       -5     89    12564    12566      5    654
77      -46       43       -3     89    12551    12550     23    654
78      -47       42       -5     89    12560    12546     -4    654
79      -47       43       -4     90    12556    12571     16    654
80      -46       42       -4     88    12547    12551     23    654
81      -47       42       -5     89    12557    12548     -7    654
82      -47       43       -4     90    12559    12541    -50    654
83      -47       42       -5     89    12557    12547    -28    653
84      -47       42       -5     89    12554    12557    -36    653
85      -46       43       -3     89    12558    12559    -11    653
86      -47       42       -5     89    12554    12548    -53    653
87      -47       43       -4     90    12552    12554    -46    653
88      -47       42       -5     89    12556    12561    -68    653
89      -46       43       -3     89    12551    12561      9    652
90      -47       42       -5     89    12553    12561      4    652
91      -47       43       -4     90    12554    12546    -16    652
92      -48       43       -5     91    12562    12542    -43    652
93      -46       43       -3     89    12559    12564    -49    652
94      -47       42       -5     89    12556    12553    -60    652
95      -48       43       -5     91    12554    12558    -69    652
96      -47       43       -4     90    12549    12555    -58    652
97      -47       43       -4     90    12552    12560    -56    652
98      -47       43       -4     90    12555    12565    -38    652
99      -47       43       -4     90    12559    12559    -33    652
 0      -48       43       -5     91    12557    12565     -3    652
 1      -47       43       -4     90    12547    12554     37    652
 2      -47       42       -5     89    12572    12556     -9    653
 3      -47       43       -4     90    12547    12557     11    653
 4      -48       44       -4     92    12562    12560      6    653
 5      -47       43       -4     90    12553    12532      2    653
 6      -47       42       -5     89    12565    12559    -15    653
 7      -47       43       -4     90    12561    12566    -34    653
 8      -48       44       -4     92    12557    12545    -37    653
 9      -47       43       -4     90    12560    12553    -61    653
10      -47       42       -5     89    12550    12541     -1    652
11      -48       43       -5     91    12559    12552    -48    652
12      -48       44       -4     92    12553    12563     17    651
13      -48       43       -5     91    12556    12562      3    651
14      -47       43       -4     90    12561    12559    -13    651
15      -47       42       -5     89    12558    12556    -37    651
16      -47       43       -4     90    12557    12560    -48    651
17      -47       43       -4     90    12558    12555    -66    651
18      -47       42       -5     89    12552    12551     -2    650
19      -46       42       -4     88    12551    12549     26    650
20      -47       43       -4     90    12551    12560     50    650
21      -47       42       -5     89    12554    12557     29    650
22      -46       42       -4     88    12550    12559      9    651
23      -47       42       -5     89    12548    12555     25    651
24      -47       43       -4     90    12560    12562     58    651
25      -46       43       -3     89    12556    12546     16    651
26      -47       42       -5     89    12567    12541    -17    651
27      -47       42       -5     89    12558    12545    -41    651
28      -47       43       -4     90    12555    12558    -67    651
29      -47       43       -4     90    12557    12567     12    650
30      -47       42       -5     89    12547    12555      9    650
31      -47       42       -5     89    12540    12556     62    650
32      -47       44       -3     91    12552    12569     17    651
33      -47       42       -5     89    12554    12549     45    651
34      -47       43       -4     90    12547    12551     76    651
35      -47       42       -5     89    12545    12560     47    652
36      -47       43       -4     90    12543    12553     78    652
37      -47       43       -4     90    12567    12566    -38    653
38      -47       42       -5     89    12561    12546     -9    652
39      -46       43       -3     89    12562    12554      6    651
40      -48       43       -5     91    12557    12547    -46    651
41      -46       42       -4     88    12552    12568      0    650
42      -47       42       -5     89    12552    12546    -27    650
43      -47       42       -5     89    12559    12557    -53    650
44      -47       43       -4     90    12553    12557    -50    650
45      -47       42       -5     89    12556    12569    -20    650
46      -46       42       -4     88    12550    12566    -15    650
47      -46       43       -3     89    12545    12563     47    650
48      -47       42       -5     89    12567    12569      8    651
49      -46       41       -5     87    12550    12560     42    651
50      -45       42       -3     87    12549    12552     73    651
51      -47       42       -5     89    12560    12556    -34    652
52      -46       42       -4     88    12564    12549      0    651
53      -46       42       -4     88    12552    12544     -1    651
54      -47       42       -5     89    12558    12561     25    651
55      -47       43       -4     90    12554    12546     28    651
56      -46       42       -4     88    12558    12570     68    651
57      -46       42       -4     88    12552    12565     28    652
58      -47       42       -5     89    12562    12568     -2    653
59      -47       43       -4     90    12566    12551    -33    653
60      -46       41       -5     87    12577    12561    -53    653
61      -47       42       -5     89    12573    12546    -41    652
62      -47       43       -4     90    12562    12552    -44    651
63      -47       43       -4     90    12546    12558    -29    651
64      -46       42       -4     88    12547    12552     32    651
65      -46       42       -4     88    12545    12564     36    651
66      -48       43       -5     91    12552    12560     32    651
67      -46       42       -4     88    12552    12567     49    651
68      -46       42       -4     88    12542    12553     74    651
69      -47       43       -4     90    12555    12555      5    652
70      -47       42       -5     89    12550    12546     -5    652
71      -46       42       -4     88    12565    12553    -18    652
72      -46       42       -4     88    12553    12546     -4    651
73      -47       43       -4     90    12558    12554     -9    651
74      -46       42       -4     88    12561    12547    -60    651
