30     -120      125        5    245    13346    13388     -2   2880
31     -121      125        4    245    13342    13390     55   2880
32     -120      126        6    245    13380    13331    -53   2881
33     -120      125        5    245    13350    13373     39   2881
34     -120      125        5    246    13348    13385     -4   2882
35     -121      125        4    245    13358    13381     32   2881
36     -120      125        5    247    13391    13314     -6   2880
37     -120      125        5    245    13350    13392     -2   2882
38     -121      126        5    245    13376    13345    -39   2881
39     -120      125        5    246    13356    13360    -24   2880
40     -120      125        5    245    13352    13380     29   2881
41     -120      125        5    245    13378    13337    -33   2882
42     -120      124        4    245    13339    13387     23   2882
43     -120      125        5    245    13352    13377     42   2882
44     -120      125        5    245    13329    13405     44   2883
45     -120      125        5    244    13358    13377    -12   2883
46     -120      124        4    245    13332    13405      8   2883
47     -120      125        5    245    13346    13383     65   2882
48     -120      125        5    245    13356    13379    -25   2884
49     -120      125        5    244    13362    13358      0   2881
50     -120      125        5    245    13340    13403      6   2882
51     -120      124        4    245    13352    13365     78   2882
52     -120      125        5    245    13329    13415     45   2883
53     -120      125        5    245    13383    13331    -21   2883
54     -120      125        5    245    13359    13377    -22   2883
55     -120      125        5    244    13346    13393     19   2881
56     -120      124        4    244    13366    13358     36   2882
57     -120      125        5    245    13368    13361     19   2882
58     -120      125        5    245    13329    13404     18   2884
59     -120      125        5    245    13370    13332    -76   2883
60     -120      125        5    245    13362    13357     31   2881
61     -120      125        5    246    13345    13365     45   2881
62     -120      125        5    244    13372    13361      9   2881
63     -120      125        5    244    13360    13375    -15   2880
64     -120      124        4    245    13358    13373     -4   2879
65     -120      125        5    245    13344    13393     77   2879
66     -120      125        5    244    13348    13391    -11   2881
67     -120      125        5    245    13336    13393     30   2881
68     -120      125        5    246    13360    13359     26   2880
69     -120      125        5    246    13343    13395     39   2881
70     -120      125        5    245    13360    13354    -15   2882
71     -120      125        5    245    13348    13380     54   2881
72     -120      125        5    245    13359    13365    -26   2882
73     -120      125        5    245    13360    13348     -1   2881
74     -120      125        5    245    13341    13388     -6   2881
75     -121      125        4    245    13339    13400     21   2882
76     -120      125        5    245    13348    13383    -16   2882
77     -120      125        5    246    13343    13396     79   2881
78     -120      125        5    245    13345    13388     58   2882
79     -120      125        5    245    13343    13383     10   2882
80     -120      125        5    245    13368    13345    -47   2882
81     -120      125        5    245    13340    13407     21   2881
82     -120      126        6    245    13347    13383     49   2882
83     -121      125        4    245    13371    13325    -69   2883
84     -120      125        5    247    13355    13349    -45   2882
85     -120      125        5    245    13372    13336     -3   2881
86     -120      125        5    245    13335    13394     27   2881
87     -121      125        4    245    13353    13381    -13   2881
88     -120      125        5    245    13339    13389     30   2881
89     -120      125        5    246    13361    13342     23   2881
90     -120      125        5    245    13369    13336    -20   2881
91     -120      125        5    245    13346    13388     61   2881
92     -120      125        5    245    13351    13376     21   2883
93     -121      125        4    245    13370    13339     10   2882
94     -120      125        5    245    13346    13387     51   2881
95     -120      125        5    244    13354    13363     23   2881
96     -119      125        6    245    13344    13380     23   2880
97     -120      125        5    245    13370    13338    -25   2881
98     -120      125        5    245    13329    13413     79   2880
99     -120      124        4    245    13341    13395     62   2880
 0     -120      125        5    245    13352    13388     57   2881
 1     -121      125        4    244    13359    13365    -15   2881
 2     -119      125        6    245    13334    13411     79   2881
 3     -120      124        4    245    13364    13349     16   2882
 4     -120      125        5    245    13362    13354     -9   2883
 5     -120      125        5    245    13373    13348     38   2883
 6     -120      125        5    244    13370    13353     41   2882
 7     -120      125        5    245    13344    13376     38   2883
 8     -120      125        5    245    13352    13383     31   2882
 9     -120      124        4    244    13360    13363    -10   2882
10     -120      125        5    245    13368    13343     25   2882
11     -120      125        5    245    13335    13391     -7   2884
12     -120      125        5    245    13348    13389    -16   2884
13     -120      125        5    245    13388    13309     -2   2882
14     -120      125        5    245    13333    13401     34   2882
15     -120      125        5    244    13340    13391     52   2882
16     -120      124        4    245    13344    13388     10   2882
17     -120      125        5    245    13337    13391     22   2883
18     -120      125        5    244    13323    13409     -1   2884
19     -120      125        5    246    13348    13384     56   2884
20     -120      125        5    244    13351    13365    -35   2884
21     -120      125        5    246    13358    13370     40   2884
22     -120      125        5    245    13350    13384     -3   2885
23     -120      125        5    246    13355    13360     38   2884
24     -120      125        5    244    13330    13401     39   2885
25     -120      125        5    245    13363    13355     24   2885
26     -121      125        4    245    13358    13369      0   2885
27     -120      125        5    246    13334    13407      1   2885
28     -120      125        5    245    13357    13363     -4   2885
29     -120      125        5    245    13366    13353    -48   2884
30     -120      124        4    245    13342    13387      9   2884
31     -120      125        5    245    13363    13356     24   2884
32     -120      125        5    245    13345    13381     23   2884
33     -120      125        5    245    13371    13355     -9   2883
34     -120      125        5    244    13346    13385     28   2882
35     -120      124        4    245    13348    13391     70   2882
36     -120      125        5    245    13336    13391      1   2882
37     -120      125        5    245    13366    13354    -18   2882
38     -120      125        5    245    13362    13362     -8   2881
39     -120      125        5    244    13336    13393     18   2881
40     -120      125        5    244    13324    13417     28   2882
41     -119      124        5    245    13366    13342     -8   2882
42     -120      125        5    245    13330    13393     49   2882
43     -120      125        5    245    13383    13322    -77   2882
44     -120      125        5    244    13340    13378     36   2881
45     -120      125        5    245    13344    13380     14   2882
46     -120      125        5    245    13340    13386     42   2882
47     -120      125        5    245    13350    13382     42   2883
48     -120      125        5    244    13332    13413     23   2883
49     -120      124        4    246    13355    13371     38   2882
50     -120      125        5    244    13326    13411     55   2884
51     -120      125        5    246    13335    13400     55   2885
52     -120      125        5    245    13355    13365    -18   2886
53     -120      125        5    244    13375    13339     -6   2884
54     -120      125        5    245    13352    13377    -37   2883
55     -120      124        4    245    13362    13364    -36   2883
56     -120      125        5    245    13348    13371     27   2881
57     -120      125        5    245    13354    13368     52   2881
58     -120      125        5    245    13378    13330    -49   2882
59     -120      125        5    245    13344    13395      1   2883
60     -120      125        5    245    13358    13365    -26   2881
61     -120      125        5    245    13342    13385     12   2881
62     -120      125        5    245    13346    13381     52   2881
63     -121      125        4    245    13356    13374     18   2882
64     -120      125        5    245    13346    13383     41   2881
65     -120      125        5    245    13344    13378     42   2881
66     -120      125        5    244    13340    13393     26   2881
67     -120      125        5    246    13340    13399     49   2881
68     -120      125        5    245    13374    13348    -20   2881
69     -120      125        5    246    13335    13383     21   2881
70     -120      125        5    245    13315    13419     19   2882
71     -120      125        5    244    13374    13342     16   2882
72     -120      125        5    245    13366    13343    -66   2882
73     -120      125        5    245    13326    13408     70   2881
74     -120      125        5    245    13344    13389     24   2883
75     -120      126        6    245    13374    13344     14   2882
76     -120      125        5    245    13321    13421      8   2884
77     -119      125        6    245    13340    13378      7   2885
78     -121      125        4    245    13349    13377    -26   2885
79     -120      124        4    245    13366    13343     10   2884
80     -120      125        5    245    13362    13342    -22   2884
81     -120      125        5    246    13328    13413     66   2883
82     -120      125        5    245    13340    13397     23   2884
