 6       -3        8        5     12    13365    13346    -15   2872  -3667
 7       -3        7        4     10    13362    13344    -17   2871  -3672
 8       -3        6        3      9    13364    13351    -10   2872  -3677
 9       -2        7        5      8    13351    13364     14   2871  -3681
10       -2        6        4      8    13360    13350     -9   2871  -3685
11       -1        5        4      6    13359    13370    -38   2871  -3688
12       -2        6        4      8    13360    13349      2   2871  -3692
13        0        5        5      6    13345    13360     11   2871  -3695
14       -1        5        4      5    13345    13389     10   2872  -3697
15        0        5        5      6    13346    13370    -15   2873  -3700
16        0        5        5      5    13350    13367    -35   2873  -3702
17        0        4        4      3    13368    13347    -43   2873  -3703
18        0        4        4      5    13363    13368    -22   2872  -3705
19        0        4        4      3    13372    13344    -24   2871  -3706
20        0        5        5      5    13360    13369    -22   2871  -3708
21        0        4        4      4    13320    13393     50   2871  -3710
22        0        4        4      4    13348    13374     10   2872  -3712
23        1        4        5      3    13356    13384     55   2872  -3713
24        1        4        5      4    13369    13350    -27   2872  -3715
25        1        3        4      3    13349    13367     32   2871  -3716
26        1        4        5      1    13367    13333    -52   2872  -3716
27        1        3        4      2    13359    13359     12   2870  -3717
28        1        3        4      2    13357    13362      0   2871  -3718
29        1        3        4      2    13397    13315    -36   2871  -3719
30        1        3        4      2    13385    13330    -53   2871  -3720
31        1        3        4      2    13361    13362     -4   2871  -3721
32        1        3        4      2    13318    13413     48   2871  -3722
33        2        3        5      1    13368    13375     11   2872  -3722
34        1        3        4      2    13351    13378     40   2871  -3723
35        1        3        4      2    13356    13360     14   2871  -3724
36        2        3        5      2    13373    13337    -56   2872  -3725
37        1        3        4      2    13379    13339    -18   2872  -3726
38        1        4        5      2    13355    13375     27   2872  -3727
39        2        3        5      3    13361    13356      0   2872  -3728
40        1        4        5      1    13365    13365    -36   2872  -3728
41        1        3        4      3    13366    13366     23   2871  -3729
42        1        3        4      2    13353    13395    -11   2872  -3730
43        2        4        6      2    13352    13387     14   2873  -3731
44        1        3        4      2    13371    13351    -37   2873  -3732
45        1        2        3      0    13353    13371      9   2872  -3732
46        1        4        5      3    13319    13411      5   2874  -3733
47        2        3        5      2    13370    13340    -63   2874  -3734
48        1        3        4      1    13389    13337    -19   2873  -3734
49        1        3        4      2    13367    13339     10   2873  -3735
50        2        3        5      2    13351    13365    -11   2874  -3736
51        1        3        4      1    13361    13357    -34   2873  -3736
52        2        2        4      1    13357    13341      3   2872  -3736
53        2        3        5      1    13377    13349     18   2872  -3736
54        1        3        4      1    13330    13409     79   2871  -3736
55        2        2        4      2    13347    13365    -44   2872  -3737
56        1        3        4      0    13354    13364     12   2871  -3737
57        2        3        5      1    13364    13351    -18   2872  -3737
58        2        2        4      1    13348    13375    -34   2872  -3737
59        2        3        5      1    13375    13353      7   2871  -3737
60        2        3        5      2    13368    13340      0   2871  -3738
61        2        3        5      0    13359    13362     20   2871  -3738
62        2        3        5      1    13361    13363      1   2872  -3738
63        1        2        3      0    13355    13374    -16   2873  -3738
64        2        3        5      1    13364    13359    -25   2873  -3738
65        2        2        4      1    13342    13379     50   2872  -3738
66        2        3        5      0    13338    13382     33   2872  -3738
67        2        2        4      1    13360    13357    -52   2873  -3738
68        2        3        5      0    13374    13354    -47   2873  -3738
69        2        2        4      2    13363    13365    -12   2872  -3739
70        1        3        4      0    13332    13380     52   2874  -3739
71        2        3        5      1    13398    13311    -26   2874  -3739
72        2        2        4      1    13340    13374     31   2873  -3739
73        2        3        5      0    13340    13388     24   2874  -3739
74        2        3        5      1    13388    13318    -48   2874  -3739
75        2        2        4      0    13364    13341    -39   2874  -3739
76        2        3        5      1    13377    13336    -34   2874  -3739
77        2        3        5      1    13334    13394     10   2875  -3739
78        2        2        4      0    13350    13369     30   2874  -3739
79        2        3        5      1    13334    13405     -4   2875  -3739
80        3        3        6      1    13344    13374      9   2875  -3739
81        2        2        4     -1    13364    13355    -22   2874  -3739
82        2        2        4      1    13382    13333    -65   2874  -3739
83        2        3        5      0    13368    13345    -28   2874  -3739
84        2        2        4      1    13364    13347     46   2874  -3739
85        2        3        5      0    13377    13347      7   2875  -3739
86        2        2        4      1    13371    13346    -50   2875  -3739
87        2        3        5      0    13349    13369     23   2874  -3739
88        2        2        4      0    13358    13377      3   2874  -3739
89        2        3        5      1    13348    13371      9   2875  -3739
90        2        2        4      0    13350    13372     21   2876  -3739
91        2        2        4      2    13360    13325    -12   2875  -3740
92        2        3        5      0    13343    13383     10   2876  -3740
93        1        2        3      0    13340    13381    -18   2877  -3740
94        3        2        5      1    13360    13357     14   2877  -3740
95        2        3        5     -1    13377    13339    -42   2878  -3740
96        2        2        4      0    13358    13358     15   2876  -3740
97        3        2        5      0    13381    13339    -79   2876  -3740
98        2        2        4      1    13346    13385     56   2874  -3740
99        2        3        5     -1    13380    13330    -49   2876  -3740
 0        2        2        4      0    13369    13354    -20   2875  -3740
 1        2        3        5      1    13360    13376    -43   2875  -3740
 2        2        2        4      0    13370    13327      0   2875  -3740
 3        3        2        5      1    13342    13381     46   2874  -3740
 4        2        2        4     -2    13366    13344    -17   2876  -3739
 5        2        2        4      1    13385    13323    -25   2875  -3739
 6        3        3        6      0    13358    13372    -28   2875  -3739
 7        2        2        4     -1    13358    13368    -19   2874  -3739
 8        2        2        4      0    13356    13367    -44   2874  -3739
 9        3        2        5      0    13335    13382     21   2874  -3739
10        2        2        4     -1    13337    13380     50   2875  -3739
11        3        2        5     -1    13371    13356     18   2875  -3739
12        2        2        4      1    13342    13379     32   2876  -3739
13        3        2        5     -1    13371    13343    -49   2876  -3739
14        2        2        4     -1    13376    13340     -8   2873  -3739
15        3        2        5     -1    13353    13379     49   2873  -3739
16        2        2        4      0    13324    13410     39   2876  -3739
17        3        2        5      0    13361    13372      7   2876  -3739
18        2        2        4     -1    13373    13351    -24   2876  -3739
19        3        2        5      0    13351    13374     -6   2876  -3739
20        2        2        4     -1    13359    13356      9   2876  -3739
21        3        2        5     -1    13360    13370     30   2876  -3739
22        3        2        5     -1    13353    13363    -53   2877  -3739
23        2        2        4      0    13345    13376     49   2876  -3739
24        3        2        5     -1    13363    13354    -20   2875  -3739
25        3        2        5     -1    13372    13344    -30   2875  -3739
26        3        2        5      0    13383    13342     17   2874  -3739
27        2        2        4     -1    13341    13378     50   2874  -3739
28        3        1        4     -1    13381    13332    -10   2875  -3739
29        3        2        5      0    13352    13383     30   2875  -3739
30        2        2        4     -2    13352    13386     49   2875  -3738
31        3        2        5      0    13364    13358    -53   2875  -3738
32        2        2        4     -1    13348    13377     -5   2875  -3738
33        2        2        4      1    13368    13361    -24   2876  -3738
34        2        3        5      0    13396    13307    -33   2875  -3738
35        2        2        4      0    13359    13355    -67   2875  -3738
36        3        2        5      1    13360    13364     32   2874  -3738
37        2        3        5     -1    13352    13391      1   2875  -3738
38        2        2        4      0    13380    13344    -74   2875  -3738
39        3        2        5      0    13334    13378     33   2874  -3738
40        2        3        5      0    13350    13368     58   2874  -3738
