38       -5        1       -4      6    12553    12543    -44    650  -4095
39       -6        1       -5      7    12545    12545    -61    650  -4095
40       -5        1       -4      6    12547    12541    -73    650  -4095
41       -6        1       -5      7    12548    12545    -15    649  -4095
42       -5        1       -4      6    12549    12539    -42    649  -4095
43       -5        0       -5      5    12548    12540    -66    649  -4095
44       -5        1       -4      6    12542    12540    -72    649  -4095
45       -6        1       -5      7    12543    12540     -4    648  -4095
46       -5        1       -4      6    12549    12531    -35    648  -4095
47       -5        1       -4      6    12541    12541    -33    648  -4095
48       -6        1       -5      7    12547    12543    -17    648  -4095
49       -5        1       -4      6    12544    12549     10    648  -4095
50       -5        1       -4      6    12541    12549     46    648  -4095
51       -5        0       -5      5    12540    12545     53    648  -4095
52       -5        1       -4      6    12557    12526     34    648  -4095
53       -5        1       -4      6    12544    12554     76    648  -4095
54       -5        1       -4      6    12545    12548     15    649  -4095
55       -5        1       -4      6    12539    12550     41    649  -4095
56       -5        1       -4      6    12545    12551     76    649  -4095
57       -6        1       -5      7    12541    12554     35    650  -4095
58       -5        1       -4      6    12549    12551      1    651  -4095
59       -5        2       -3      7    12548    12551      5    651  -4095
60       -5        1       -4      6    12548    12549      7    651  -4095
61       -5        1       -4      6    12545    12545      2    651  -4095
62       -5        0       -5      5    12563    12524    -33    651  -4095
63       -5        1       -4      6    12551    12548    -30    651  -4095
64       -5        1       -4      6    12548    12544    -51    651  -4095
65       -5        1       -4      6    12548    12534    -20    650  -4095
66       -6        0       -6      6    12551    12537    -58    650  -4095
67       -5        1       -4      6    12547    12539    -13    649  -4095
68       -5        1       -4      6    12547    12540    -31    649  -4095
69       -5        0       -5      5    12547    12540    -42    649  -4095
70       -5        1       -4      6    12549    12532    -64    649  -4095
71       -5        1       -4      6    12545    12545      3    648  -4095
72       -5        0       -5      5    12541    12545     35    648  -4095
73       -5        1       -4      6    12539    12555     24    649  -4095
74       -5        1       -4      6    12545    12550     65    649  -4095
75       -5        1       -4      6    12542    12548     27    650  -4095
76       -6        1       -5      7    12546    12545     48    650  -4095
77       -5        1       -4      6    12545    12547     39    650  -4095
78       -5        1       -4      6    12545    12545     29    650  -4095
79       -5        1       -4      6    12549    12546     14    650  -4095
80       -5        1       -4      6    12534    12552     48    650  -4095
81       -5        1       -4      6    12551    12543     59    650  -4095
82       -5        1       -4      6    12545    12549     74    650  -4095
83       -6        1       -5      7    12545    12553     21    651  -4095
84       -5        1       -4      6    12548    12549     35    651  -4095
85       -5        1       -4      6    12545    12553     39    651  -4095
86       -5        2       -3      7    12551    12547     34    651  -4095
87       -6        1       -5      7    12545    12549     54    651  -4095
88       -5        1       -4      6    12549    12547     64    651  -4095
89       -5        1       -4      6    12545    12554      0    652  -4095
90       -6        2       -4      8    12549    12543    -18    652  -4095
91       -5        1       -4      6    12553    12543    -40    652  -4095
92       -6        1       -5      7    12545    12547    -53    652  -4095
93       -5        2       -3      7    12549    12547    -49    652  -4095
94       -6        1       -5      7    12543    12541    -64    652  -4095
95       -5        1       -4      6    12547    12538      0    651  -4095
96       -6        1       -5      7    12551    12547     -3    651  -4095
97       -5        1       -4      6    12551    12539    -46    651  -4095
98       -6        1       -5      7    12545    12544     -1    650  -4095
99       -5        1       -4      6    12545    12537    -20    650  -4095
 0       -5        1       -4      6    12548    12545    -41    650  -4095
 1       -5        1       -4      6    12547    12545    -71    650  -4095
 2       -5        0       -5      5    12563    12517    -42    649  -4095
 3       -5        1       -4      6    12549    12538    -75    649  -4095
 4       -5        1       -4      6    12545    12540    -10    648  -4095
 5       -6        1       -5      7    12545    12549    -15    648  -4095
 6       -5        0       -5      5    12543    12549     -5    648  -4095
 7       -5        1       -4      6    12542    12547     10    648  -4095
 8       -6        1       -5      7    12545    12548     33    648  -4095
 9       -5        1       -4      6    12541    12548     50    648  -4095
10       -5        1       -4      6    12545    12544     44    648  -4095
11       -6        1       -5      7    12547    12545     52    648  -4095
12       -5        1       -4      6    12559    12533     13    648  -4095
13       -5        1       -4      6    12543    12545     33    648  -4095
14       -6        1       -5      7    12543    12541     58    648  -4095
15       -5        1       -4      6    12547    12543     54    648  -4095
16       -6        1       -5      7    12543    12547     74    648  -4095
17       -5        1       -4      6    12545    12548    -10    649  -4095
18       -5        1       -4      6    12547    12547      1    649  -4095
19       -6        1       -5      7    12544    12549     39    649  -4095
20       -5        1       -4      6    12549    12531     24    649  -4095
21       -6        2       -4      8    12547    12539      7    649  -4095
22       -5        1       -4      6    12549    12545    -31    649  -4095
23       -6        1       -5      7    12541    12551     34    649  -4095
24       -5        1       -4      6    12544    12553      8    650  -4095
25       -5        1       -4      6    12548    12551     14    650  -4095
26       -5        1       -4      6    12543    12549     31    650  -4095
27       -5        1       -4      6    12537    12549     74    650  -4095
28       -5        1       -4      6    12543    12551     30    651  -4095
29       -5        1       -4      6    12545    12551     49    651  -4095
30       -6        1       -5      7    12541    12539     -6    652  -4095
31       -5        1       -4      6    12549    12539    -16    652  -4095
32       -5        1       -4      6    12555    12540     -2    651  -4095
33       -6        1       -5      7    12549    12547     -1    651  -4095
34       -5        2       -3      7    12547    12545     -5    651  -4095
35       -6        1       -5      7    12551    12547    -27    651  -4095
36       -5        1       -4      6    12551    12543    -56    651  -4095
37       -6        1       -5      7    12549    12542     -5    650  -4095
38       -5        1       -4      6    12549    12539    -33    650  -4095
39       -6        1       -5      7    12550    12538    -74    650  -4095
40       -5        2       -3      7    12549    12538    -21    649  -4095
41       -6        1       -5      7    12549    12541    -57    649  -4095
42       -5        1       -4      6    12545    12547    -73    649  -4095
43       -6        1       -5      7    12545    12559    -48    649  -4095
44       -5        2       -3      7    12555    12548    -46    649  -4095
45       -5        1       -4      6    12545    12555      2    649  -4095
46       -6        1       -5      7    12545    12554     19    649  -4095
47       -5        1       -4      6    12541    12553     58    649  -4095
48       -6        2       -4      8    12545    12550      0    650  -4095
49       -5        1       -4      6    12547    12545      7    650  -4095
50       -6        1       -5      7    12547    12547     20    650  -4095
51       -5        1       -4      6    12543    12543      9    650  -4095
52       -5        1       -4      6    12557    12521    -44    650  -4095
53       -5        1       -4      6    12549    12537    -18    649  -4095
54       -6        1       -5      7    12541    12539    -42    649  -4095
55       -5        1       -4      6    12547    12543    -61    649  -4095
56       -5        0       -5      5    12541    12543      9    648  -4095
57       -5        1       -4      6    12543    12545     10    648  -4095
58       -5        1       -4      6    12537    12547     17    648  -4095
59       -6        1       -5      7    12539    12552     55    648  -4095
60       -5        1       -4      6    12547    12544     64    648  -4095
61       -5        1       -4      6    12545    12541     -3    649  -4095
62       -5        1       -4      6    12551    12521    -34    649  -4095
63       -6        1       -5      7    12549    12535    -53    649  -4095
64       -5        1       -4      6    12549    12545      1    648  -4095
65       -5        2       -3      7    12544    12554     32    648  -4095
66       -6        1       -5      7    12535    12553      9    649  -4095
67       -5        1       -4      6    12544    12540     46    649  -4095
68       -5        1       -4      6    12541    12553      1    650  -4095
69       -6        1       -5      7    12557    12539      2    650  -4095
70       -5        1       -4      6    12543    12545    -10    650  -4095
71       -5        1       -4      6    12551    12539    -35    650  -4095
72       -6        1       -5      7    12553    12531    -53    650  -4095
73       -5        1       -4      6    12547    12539    -74    650  -4095
74       -6        1       -5      7    12544    12537     -8    649  -4095
75       -5        1       -4      6    12540    12544      1    649  -4095
76       -5        1       -4      6    12543    12545     -3    649  -4095
77       -6        1       -5      7    12538    12546      7    649  -4095
78       -5        1       -4      6    12541    12535     -4    649  -4095
79       -5        0       -5      5    12549    12537    -33    649  -4095
80       -5        1       -4      6    12547    12550    -40    649  -4095
81       -5        1       -4      6    12545    12543    -18    649  -4095
82       -5        1       -4      6    12539    12542    -11    649  -4095
83       -5        1       -4      6    12543    12541      6    649  -4095
84       -6        1       -5      7    12543    12541      0    649  -4095
85       -5        1       -4      6    12547    12541    -17    649  -4095
86       -5        1       -4      6    12543    12545     -9    649  -4095
87       -5        1       -4      6    12545    12544    -17    649  -4095
88       -5        1       -4      6    12541    12554      5    649  -4095
89       -5        1       -4      6    12543    12555     49    649  -4095
90       -5        0       -5      5    12545    12551     12    650  -4095
91       -5        1       -4      6    12545    12551     31    650  -4095
92       -5        1       -4      6    12545    12550     64    650  -4095
93       -5        1       -4      6    12548    12551     70    650  -4095
94       -5        1       -4      6    12548    12552     15    651  -4095
95       -5        0       -5      5    12543    12554     40    651  -4095
96       -5        1       -4      6    12541    12555     -2    652  -4095
97       -5        1       -4      6    12537    12555     49    652  -4095
98       -5        1       -4      6    12542    12547     74    652  -4095
99       -5        0       -5      5    12541    12547      6    653  -4095
 0       -5        1       -4      6    12543    12545      8    653  -4095
 1       -5        1       -4      6    12549    12551     -8    653  -4095
 2       -5        1       -4      6    12555    12533    -38    653  -4095
 3       -6        1       -5      7    12541    12547    -37    653  -4095
 4       -4        1       -3      5    12547    12546    -42    653  -4095
 5       -5        1       -4      6    12549    12539    -74    653  -4095
 6       -5        1       -4      6    12551    12547    -30    652  -4095
 7       -5        0       -5      5    12545    12551    -21    652  -4095
 8       -5        1       -4      6    12547    12542    -38    652  -4095
 9       -5        1       -4      6    12549    12533    -78    652  -4095
10       -5        1       -4      6    12545    12546      2    651  -4095
11       -5        1       -4      6    12553    12533    -42    651  -4095
12       -5        0       -5      5    12551    12525    -37    650  -4095
13       -5        1       -4      6    12546    12540    -72    650  -4095
14       -5        1       -4      6    12544    12539    -25    649  -4095
15       -5        1       -4      6    12545    12539    -30    649  -4095
16       -5        0       -5      5    12543    12542    -50    649  -4095
17       -6        1       -5      7    12545    12543    -41    649  -4095
18       -5        1       -4      6    12543    12553    -14    649  -4095
19       -5        1       -4      6    12541    12561     22    649  -4095
20       -5        1       -4      6    12540    12552      5    650  -4095
21       -5        1       -4      6    12547    12545      4    650  -4095
22       -5        1       -4      6    12547    12539     -8    650  -4095
23       -5        1       -4      6    12543    12543     -1    650  -4095
24       -6        1       -5      7    12538    12546     18    650  -4095
25       -5        1       -4      6    12542    12553     46    650  -4095
26       -5        1       -4      6    12543    12547      9    651  -4095
27       -6        1       -5      7    12539    12549     37    651  -4095
28       -5        1       -4      6    12537    12547     57    651  -4095
29       -5        1       -4      6    12539    12549      8    652  -4095
30       -6        1       -5      7    12549    12544     10    652  -4095
31       -5        1       -4      6    12549    12537    -44    652  -4095
32       -6        2       -4      8    12552    12526    -43    651  -4095
33       -5        1       -4      6    12542    12543      5    650  -4095
34       -5        1       -4      6    12535    12553     42    650  -4095
35       -6        1       -5      7    12549    12557     70    650  -4095
36       -5        1       -4      6    12549    12550     11    651  -4095
37       -5        1       -4      6    12551    12547     15    651  -4095
38       -6        1       -5      7    12551    12545     -9    651  -4095
39       -5        1       -4      6    12547    12543    -36    651  -4095
40       -5        1       -4      6    12551    12539    -71    651  -4095
