17       -2       -2       -4      0    12552    12554      9    658  -2928
18       -2       -2       -4      0    12552    12549     18    658  -2928
19       -3       -2       -5      1    12557    12548      1    658  -2928
20       -2       -2       -4      0    12549    12550    -11    658  -2928
21       -2       -2       -4      0    12550    12554      7    658  -2928
22       -3       -1       -4      2    12548    12548     19    658  -2929
23       -2       -2       -4      0    12552    12554     16    658  -2929
24       -2       -2       -4      0    12552    12550     -2    658  -2929
25       -2       -2       -4      0    12551    12546    -14    658  -2929
26       -3       -2       -5      1    12556    12538    -55    658  -2929
27       -2       -2       -4      0    12548    12548    -10    657  -2929
28       -3       -2       -5      1    12550    12550    -26    657  -2929
29       -2       -2       -4      0    12544    12548    -25    657  -2929
30       -2       -2       -4      0    12554    12546    -36    657  -2929
31       -2       -2       -4      0    12549    12542    -55    657  -2929
32       -3       -2       -5      1    12552    12551    -59    657  -2929
33       -2       -1       -3      1    12556    12558    -67    657  -2929
34       -2       -2       -4      0    12546    12562    -29    657  -2929
35       -3       -2       -5      1    12552    12554      3    657  -2929
36       -2       -2       -4      0    12550    12550     30    657  -2929
37       -2       -2       -4      0    12552    12557     55    657  -2929
38       -2       -2       -4      0    12546    12558     21    658  -2929
39       -3       -1       -4      2    12550    12556     39    658  -2930
40       -2       -2       -4      0    12546    12556     71    658  -2930
41       -2       -2       -4      0    12550    12560     19    659  -2930
42       -3       -2       -5      1    12560    12546     33    659  -2930
43       -2       -2       -4      0    12554    12552     45    659  -2930
44       -2       -2       -4      0    12547    12556     56    659  -2930
45       -3       -2       -5      1    12552    12550     66    659  -2930
46       -2       -2       -4      0    12549    12555     60    659  -2930
47       -2       -1       -3      1    12554    12550     41    659  -2930
48       -2       -2       -4      0    12554    12548     39    659  -2930
49       -2       -2       -4      0    12553    12556     35    659  -2930
50       -2       -3       -5     -1    12548    12551     23    659  -2930
51       -2       -2       -4      0    12558    12549     -5    659  -2930
52       -2       -2       -4      0    12556    12544    -47    659  -2930
53       -3       -2       -5      1    12548    12547    -61    659  -2930
54       -2       -2       -4      0    12555    12550      1    658  -2930
55       -2       -2       -4      0    12554    12554     18    658  -2930
56       -2       -2       -4      0    12550    12554     15    658  -2930
57       -3       -2       -5      1    12552    12549     18    658  -2930
58       -2       -2       -4      0    12550    12549      0    658  -2930
59       -2       -2       -4      0    12558    12540    -69    658  -2930
60       -3       -2       -5      1    12551    12547    -41    657  -2930
61       -2       -2       -4      0    12558    12546      0    656  -2930
62       -2       -2       -4      0    12550    12555     10    656  -2930
63       -2       -2       -4      0    12548    12552     42    656  -2930
64       -2       -3       -5     -1    12548    12561     -1    657  -2930
65       -2       -2       -4      0    12558    12554      3    657  -2930
66       -2       -2       -4      0    12552    12553     46    657  -2930
67       -2       -2       -4      0    12550    12558     78    657  -2930
68       -2       -2       -4      0    12553    12546      4    658  -2930
69       -2       -2       -4      0    12552    12550    -17    658  -2930
70       -2       -2       -4      0    12552    12551    -27    658  -2930
71       -3       -2       -5      1    12556    12548    -52    658  -2930
72       -2       -1       -3      1    12552    12544      0    657  -2930
73       -2       -2       -4      0    12552    12546     -6    657  -2930
74       -2       -2       -4      0    12550    12542    -18    657  -2930
75       -3       -2       -5      1    12550    12536    -60    657  -2930
76       -2       -2       -4      0    12552    12546    -16    656  -2930
77       -3       -2       -5      1    12549    12546    -37    656  -2930
78       -2       -2       -4      0    12544    12550    -50    656  -2930
79       -2       -2       -4      0    12548    12553    -56    656  -2930
80       -3       -2       -5      1    12552    12550    -69    656  -2930
81       -2       -2       -4      0    12547    12550    -64    656  -2930
82       -2       -2       -4      0    12552    12552    -60    656  -2930
83       -3       -2       -5      1    12550    12554    -49    656  -2930
84       -2       -2       -4      0    12546    12552     -6    656  -2930
85       -2       -2       -4      0    12543    12556     49    656  -2930
86       -2       -2       -4      0    12546    12563     41    657  -2930
87       -2       -2       -4      0    12548    12558      3    658  -2930
88       -2       -3       -5     -1    12552    12549     14    658  -2930
89       -2       -2       -4      0    12552    12547     21    658  -2930
90       -2       -2       -4      0    12553    12550     13    658  -2930
91       -2       -2       -4      0    12545    12558     44    658  -2930
92       -2       -3       -5     -1    12552    12547     -4    659  -2930
93       -2       -2       -4      0    12550    12555     27    659  -2930
94       -2       -2       -4      0    12556    12557     42    659  -2930
95       -2       -3       -5     -1    12549    12557     63    659  -2930
96       -2       -2       -4      0    12553    12556     57    659  -2930
97       -2       -2       -4      0    12548    12558     73    659  -2930
98       -2       -2       -4      0    12546    12557     16    660  -2930
99       -2       -2       -4      0    12552    12556     10    660  -2930
 0       -2       -2       -4      0    12555    12551     19    660  -2930
 1       -2       -2       -4      0    12556    12552     14    660  -2930
 2       -2       -2       -4      0    12557    12548      4    660  -2930
 3       -2       -3       -5     -1    12550    12549      7    660  -2930
 4       -2       -2       -4      0    12552    12553     17    660  -2930
 5       -2       -2       -4      0    12545    12563     61    660  -2930
 6       -2       -2       -4      0    12553    12552     11    661  -2930
 7       -2       -1       -3      1    12552    12553     27    661  -2930
 8       -3       -2       -5      1    12556    12546     24    661  -2930
 9       -2       -2       -4      0    12552    12544    -10    661  -2930
10       -3       -1       -4      2    12546    12554      4    661  -2931
11       -2       -2       -4      0    12551    12554     17    661  -2931
12       -2       -1       -3      1    12558    12552     16    661  -2931
13       -3       -2       -5      1    12558    12550      5    661  -2931
14       -2       -2       -4      0    12550    12552     -3    661  -2931
15       -2       -2       -4      0    12560    12551    -18    661  -2931
16       -3       -2       -5      1    12552    12545    -38    661  -2931
17       -2       -2       -4      0    12550    12548    -53    661  -2931
18       -2       -2       -4      0    12554    12552    -68    661  -2931
19       -1       -2       -3     -1    12549    12549     10    660  -2931
20       -2       -3       -5     -1    12553    12549      9    660  -2931
21       -2       -2       -4      0    12552    12547     -9    660  -2931
22       -2       -2       -4      0    12557    12543    -63    660  -2931
23       -1       -3       -4     -2    12553    12551     -4    659  -2930
24       -2       -2       -4      0    12552    12556     -4    659  -2930
25       -2       -3       -5     -1    12551    12555    -19    659  -2930
26       -1       -2       -3     -1    12553    12557    -25    659  -2930
27       -2       -3       -5     -1    12550    12553     -4    659  -2930
28       -2       -2       -4      0    12553    12544    -54    659  -2930
29       -2       -2       -4      0    12549    12539    -36    658  -2930
30       -2       -3       -5     -1    12552    12549    -70    658  -2930
31       -2       -2       -4      0    12552    12551      5    657  -2930
32       -2       -2       -4      0    12552    12543    -15    657  -2930
33       -2       -2       -4      0    12548    12554     -7    657  -2930
34       -2       -2       -4      0    12546    12558     19    657  -2930
35       -2       -2       -4      0    12553    12562     53    657  -2930
36       -2       -2       -4      0    12547    12551     10    658  -2930
37       -2       -2       -4      0    12545    12559     50    658  -2930
38       -2       -3       -5     -1    12552    12561     -1    659  -2930
39       -2       -2       -4      0    12545    12555     39    659  -2930
40       -2       -2       -4      0    12548    12561      2    660  -2930
41       -2       -2       -4      0    12551    12547    -14    660  -2930
42       -2       -2       -4      0    12558    12544    -46    660  -2930
43       -2       -2       -4      0    12556    12550    -72    660  -2930
44       -2       -2       -4      0    12548    12552      6    659  -2930
45       -2       -2       -4      0    12548    12552     32    659  -2930
46       -2       -2       -4      0    12556    12556     -9    660  -2930
47       -3       -2       -5      1    12546    12556     11    660  -2930
48       -2       -2       -4      0    12546    12554     39    660  -2930
49       -2       -2       -4      0    12550    12556     51    660  -2930
50       -2       -2       -4      0    12550    12554     43    660  -2930
51       -2       -2       -4      0    12551    12550     51    660  -2930
52       -2       -2       -4      0    12562    12544     26    660  -2930
53       -2       -2       -4      0    12553    12552     24    660  -2930
54       -2       -2       -4      0    12551    12549     19    660  -2930
55       -2       -2       -4      0    12547    12547     16    660  -2930
56       -2       -3       -5     -1    12549    12557     11    660  -2930
57       -2       -2       -4      0    12558    12551     14    660  -2930
58       -2       -2       -4      0    12553    12559     24    660  -2930
59       -1       -2       -3     -1    12545    12556     66    660  -2930
60       -2       -2       -4      0    12547    12548     68    660  -2930
61       -2       -3       -5     -1    12549    12549     72    660  -2930
62       -2       -2       -4      0    12551    12543     53    660  -2930
63       -2       -2       -4      0    12555    12543     30    660  -2930
64       -2       -3       -5     -1    12553    12549     11    660  -2930
65       -2       -2       -4      0    12554    12552     12    660  -2930
66       -2       -2       -4      0    12548    12554     10    660  -2930
67       -2       -2       -4      0    12547    12550     12    660  -2930
68       -2       -3       -5     -1    12557    12549      3    660  -2930
69       -2       -2       -4      0    12552    12545    -22    660  -2930
70       -2       -2       -4      0    12554    12553    -52    660  -2930
71       -1       -2       -3     -1    12551    12550    -60    660  -2930
72       -2       -3       -5     -1    12550    12552    -59    660  -2930
73       -2       -2       -4      0    12551    12552    -59    660  -2930
74       -2       -2       -4      0    12552    12545    -67    660  -2930
75       -2       -2       -4      0    12554    12548    -69    660  -2930
76       -2       -2       -4      0    12551    12549      2    659  -2930
77       -3       -2       -5      1    12550    12552      5    659  -2930
78       -2       -3       -5     -1    12554    12547    -25    659  -2930
79       -2       -2       -4      0    12553    12549     -8    659  -2930
80       -2       -2       -4      0    12548    12547    -15    659  -2930
81       -2       -2       -4      0    12551    12548    -29    659  -2930
82       -3       -2       -5      1    12550    12558    -27    659  -2930
83       -2       -2       -4      0    12548    12560      4    659  -2930
84       -2       -2       -4      0    12546    12558     50    659  -2930
85       -2       -2       -4      0    12552    12542     17    659  -2930
86       -3       -2       -5      1    12555    12548    -12    659  -2930
87       -2       -2       -4      0    12555    12540    -63    659  -2930
88       -2       -2       -4      0    12554    12548      0    658  -2930
89       -3       -2       -5      1    12556    12552    -22    658  -2930
90       -2       -2       -4      0    12550    12552    -19    658  -2930
91       -2       -2       -4      0    12554    12554      0    658  -2930
92       -2       -1       -3      1    12556    12540    -32    658  -2930
93       -3       -2       -5      1    12548    12550    -24    658  -2930
94       -2       -2       -4      0    12548    12552     -7    658  -2930
95       -3       -2       -5      1    12546    12546    -17    658  -2930
96       -2       -2       -4      0    12552    12550    -20    658  -2930
97       -2       -2       -4      0    12544    12558    -12    658  -2930
98       -3       -2       -5      1    12546    12552     20    658  -2930
99       -2       -2       -4      0    12552    12550     36    658  -2930
 0       -2       -2       -4      0    12550    12553     41    658  -2930
 1       -2       -2       -4      0    12549    12554     43    658  -2930
 2       -2       -2       -4      0    12553    12550     39    658  -2930
 3       -2       -3       -5     -1    12552    12560     18    659  -2930
 4       -2       -2       -4      0    12556    12561     43    659  -2930
 5       -1       -3       -4     -2    12547    12563      7    660  -2929
 6       -2       -2       -4      0    12548    12559     22    660  -2929
 7       -2       -2       -4      0    12549    12552     32    660  -2929
 8       -1       -3       -4     -2    12553    12549     34    660  -2928
 9       -2       -2       -4      0    12553    12557     42    660  -2928
10       -2       -2       -4      0    12556    12550     36    660  -2928
11       -1       -3       -4     -2    12561    12554     28    660  -2927
12       -2       -2       -4      0    12552    12539     -3    660  -2927
13       -2       -3       -5     -1    12552    12545    -50    660  -2927
14       -2       -2       -4      0    12550    12542    -18    659  -2927
15       -2       -3       -5     -1    12550    12551    -47    659  -2927
16       -1       -2       -3     -1    12546    12552    -49    659  -2927
17       -2       -3       -5     -1    12550    12552    -40    659  -2927
18       -2       -2       -4      0    12552    12552    -45    659  -2927
19       -2       -3       -5     -1    12546    12554    -22    659  -2927
20       -1       -2       -3     -1    12547    12551      3    659  -2927
21       -2       -2       -4      0    12551    12556      1    659  -2927
22       -2       -3       -5     -1    12551    12552     16    659  -2927
23       -2       -2       -4      0    12552    12549     -2    659  -2927
24       -2       -3       -5     -1    12546    12547    -26    659  -2927
25       -2       -2       -4      0    12552    12539    -72    659  -2927
26       -2       -2       -4      0    12558    12540    -21    658  -2927
27       -2       -3       -5     -1    12550    12543    -41    658  -2927
28       -1       -2       -3     -1    12547    12547    -59    658  -2927
29       -2       -2       -4      0    12546    12544    -68    658  -2927
30       -2       -3       -5     -1    12553    12547    -69    658  -2927
31       -3       -2       -5      1    12554    12550     -4    657  -2927
32       -2       -2       -4      0    12550    12548    -10    657  -2927
33       -2       -2       -4      0    12548    12548      9    657  -2927
34       -2       -2       -4      0    12548    12546      8    657  -2927
35       -2       -2       -4      0    12552    12546    -15    657  -2927
36       -3       -1       -4      2    12550    12543    -26    657  -2928
37       -2       -2       -4      0    12548    12542    -40    657  -2928
38       -3       -3       -6      0    12552    12544    -70    657  -2928
39       -2       -2       -4      0    12550    12551      4    656  -2928
40       -2       -2       -4      0    12548    12560     30    656  -2928
41       -2       -2       -4      0    12552    12546     49    656  -2928
42       -2       -2       -4      0    12550    12536     23    656  -2928
43       -2       -3       -5     -1    12550    12546     18    656  -2928
44       -2       -2       -4      0    12544    12546     10    656  -2928
45       -3       -2       -5      1    12548    12552     15    656  -2928
46       -2       -2       -4      0    12546    12559     37    656  -2928
47       -2       -2       -4      0    12542    12561      7    657  -2928
48       -2       -2       -4      0    12544    12558     55    657  -2928
49       -2       -3       -5     -1    12548    12559     38    658  -2928
50       -3       -1       -4      2    12552    12558      3    659  -2929
51       -2       -2       -4      0    12546    12548      2    659  -2929
52       -2       -2       -4      0    12554    12538    -23    659  -2929
53       -3       -3       -6      0    12552    12542    -48    659  -2929
54       -2       -2       -4      0    12550    12548    -69    659  -2929
55       -2       -2       -4      0    12552    12543    -16    658  -2929
56       -2       -2       -4      0    12554    12544    -46    658  -2929
57       -3       -2       -5      1    12550    12536     -5    657  -2929
58       -2       -2       -4      0    12557    12544    -43    657  -2929
59       -2       -2       -4      0    12550    12548    -64    657  -2929
60       -3       -2       -5      1    12550    12552    -50    657  -2929
61       -2       -2       -4      0    12547    12548     -7    657  -2929
62       -3       -1       -4      2    12554    12551     30    657  -2930
63       -2       -2       -4      0    12546    12552     72    657  -2930
64       -3       -2       -5      1    12549    12557     14    658  -2930
65       -2       -2       -4      0    12544    12556     58    658  -2930
66       -3       -1       -4      2    12550    12554      4    659  -2931
67       -3       -2       -5      1    12549    12556     21    659  -2931
68       -2       -2       -4      0    12542    12558     53    659  -2931
69       -2       -1       -3      1    12545    12552     -2    660  -2931
70       -3       -2       -5      1    12566    12544    -56    660  -2931
71       -2       -2       -4      0    12554    12542    -45    659  -2931
72       -3       -2       -5      1    12558    12546    -20    658  -2931
73       -2       -1       -3      1    12553    12550    -43    658  -2931
74       -2       -2       -4      0    12544    12556    -32    658  -2931
75       -3       -2       -5      1    12544    12554     -5    658  -2931
76       -2       -2       -4      0    12551    12553     12    658  -2931
77       -2       -2       -4      0    12560    12546    -12    658  -2931
78       -2       -3       -5     -1    12554    12551    -40    658  -2931
79       -2       -2       -4      0    12550    12550    -60    658  -2931
80       -2       -2       -4      0    12550    12562    -40    658  -2931
81       -2       -2       -4      0    12546    12556      3    658  -2931
82       -1       -3       -4     -2    12547    12553     36    658  -2930
83       -3       -2       -5      1    12548    12556     59    658  -2930
84       -2       -2       -4      0    12550    12554      0    659  -2930
85       -1       -2       -3     -1    12549    12550     -2    659  -2930
86       -2       -3       -5     -1    12553    12552     -3    659  -2930
87       -2       -2       -4      0    12546    12548     -6    659  -2930
88       -2       -2       -4      0    12553    12549     -1    659  -2930
89       -2       -2       -4      0    12558    12540    -69    659  -2930
90       -2       -3       -5     -1    12555    12553     -2    658  -2930
91       -2       -2       -4      0    12549    12546    -33    658  -2930
92       -2       -2       -4      0    12560    12534     -1    657  -2930
93       -2       -2       -4      0    12546    12550     15    657  -2930
94       -2       -3       -5     -1    12551    12556     42    657  -2930
95       -2       -2       -4      0    12545    12551     74    657  -2930
96       -2       -2       -4      0    12545    12548     15    658  -2930
97       -2       -3       -5     -1    12544    12561     62    658  -2930
98       -2       -2       -4      0    12545    12548     72    658  -2930
99       -2       -2       -4      0    12548    12544     55    658  -2930
 0       -2       -2       -4      0    12550    12548     27    658  -2930
 1       -2       -2       -4      0    12552    12552     12    658  -2930
 2       -3       -2       -5      1    12552    12550     27    658  -2930
 3       -2       -1       -3      1    12544    12556     70    658  -2930
 4       -3       -2       -5      1    12544    12556     35    659  -2930
 5       -2       -2       -4      0    12548    12556     64    659  -2930
 6       -3       -2       -5      1    12547    12550     -7    660  -2930
 7       -2       -1       -3      1    12550    12548    -17    660  -2930
 8       -3       -2       -5      1    12548    12554    -16    660  -2930
 9       -2       -2       -4      0    12552    12552    -11    660  -2930
10       -3       -1       -4      2    12561    12546    -51    660  -2931
11       -2       -2       -4      0    12552    12544    -30    659  -2931
12       -3       -2       -5      1    12556    12542    -65    659  -2931
13       -2       -1       -3      1    12546    12552    -64    659  -2931
14       -3       -2       -5      1    12547    12556    -45    659  -2931
15       -3       -2       -5      1    12550    12554    -40    659  -2931
16       -2       -1       -3      1    12548    12554    -21    659  -2931
17       -3       -2       -5      1    12551    12554      8    659  -2931
18       -2       -1       -3      1    12546    12556     24    659  -2931
19       -3       -2       -5      1    12550    12548     31    659  -2931
20       -3       -2       -5      1    12553    12548     -1    659  -2931
21       -2       -2       -4      0    12556    12544    -45    659  -2931
22       -2       -1       -3      1    12559    12544    -19    658  -2931
23       -3       -2       -5      1    12544    12542    -37    658  -2931
24       -2       -2       -4      0    12548    12550    -44    658  -2931
25       -3       -2       -5      1    12548    12550    -25    658  -2931
26       -2       -2       -4      0    12550    12557     -5    658  -2931
27       -2       -2       -4      0    12550    12552     15    658  -2931
28       -3       -2       -5      1    12542    12557     48    658  -2931
29       -2       -2       -4      0    12553    12557      9    659  -2931
30       -2       -2       -4      0    12548    12551      6    659  -2931
31       -3       -1       -4      2    12550    12554     10    659  -2932
32       -2       -2       -4      0    12542    12560     37    659  -2932
33       -2       -2       -4      0    12550    12556      2    660  -2932
34       -2       -2       -4      0    12551    12551     17    660  -2932
35       -3       -2       -5      1    12558    12548     -3    660  -2932
36       -2       -2       -4      0    12546    12554      5    660  -2932
37       -2       -2       -4      0    12552    12552     -2    660  -2932
38       -3       -2       -5      1    12554    12546    -37    660  -2932
39       -2       -2       -4      0    12559    12549     -5    659  -2932
40       -2       -2       -4      0    12557    12550    -43    659  -2932
41       -2       -2       -4      0    12554    12540    -77    659  -2932
42       -2       -2       -4      0    12560    12546    -46    658  -2932
43       -2       -2       -4      0    12552    12549    -53    658  -2932
44       -1       -2       -3     -1    12545    12548    -46    658  -2932
45       -2       -3       -5     -1    12541    12543    -60    658  -2932
