89     -115      111       -4    226    12546    12562    -40    650
90     -115      110       -5    225    12552    12558     17    649
91     -115      111       -4    226    12550    12551     13    649
92     -115      111       -4    226    12546    12565     61    649
93     -114      110       -4    224    12548    12564     65    650
94     -115      111       -4    226    12545    12566     61    651
95     -115      111       -4    226    12546    12566     71    652
96     -114      110       -4    224    12554    12559     27    653
97     -115      111       -4    226    12548    12564     66    653
98     -115      111       -4    226    12553    12554     19    654
99     -115      110       -5    225    12555    12550     34    654
 0     -115      110       -5    225    12556    12546     17    654
 1     -115      111       -4    226    12552    12552      6    654
 2     -115      110       -5    225    12554    12554      8    654
 3     -115      111       -4    226    12549    12556     32    654
 4     -115      110       -5    225    12558    12557      2    654
 5     -115      111       -4    226    12554    12548      0    654
 6     -115      111       -4    226    12552    12556      7    654
 7     -115      110       -5    225    12552    12548      3    654
 8     -115      111       -4    226    12554    12556      6    654
 9     -115      111       -4    226    12553    12557     33    654
10     -115      111       -4    226    12554    12560     -4    654
11     -115      110       -5    225    12553    12558     28    654
12     -115      111       -4    226    12559    12550     17    654
13     -115      111       -4    226    12551    12543     33    654
14     -116      111       -5    227    12555    12542      1    654
15     -114      110       -4    224    12558    12556    -38    654
16     -115      111       -4    226    12560    12543    -75    654
17     -116      111       -5    227    12554    12554      0    653
18     -115      111       -4    226    12555    12544    -34    653
19     -115      110       -5    225    12560    12540    -10    652
20     -115      111       -4    226    12562    12548    -28    652
21     -115      110       -5    225    12551    12558    -24    652
22     -115      111       -4    226    12558    12551     -2    652
23     -115      111       -4    226    12549    12553     13    652
24     -115      111       -4    226    12543    12559     47    652
25     -115      111       -4    226    12554    12564     24    653
26     -115      111       -4    226    12554    12555     22    653
27     -115      110       -5    225    12551    12558     40    653
28     -115      111       -4    226    12553    12562     41    653
29     -115      111       -4    226    12545    12552     37    653
30     -115      110       -5    225    12546    12550     44    653
31     -115      111       -4    226    12557    12550    -25    654
32     -115      110       -5    225    12550    12554    -11    654
33     -115      110       -5    225    12558    12552     -9    654
34     -115      111       -4    226    12555    12556      5    654
35     -115      111       -4    226    12560    12548    -22    654
36     -115      110       -5    225    12559    12552    -67    654
37     -115      110       -5    225    12556    12558     32    653
38     -115      111       -4    226    12554    12544     18    653
39     -115      111       -4    226    12552    12542    -14    653
40     -115      110       -5    225    12553    12542    -46    653
41     -115      111       -4    226    12557    12543    -61    653
42     -115      110       -5    225    12552    12544    -33    652
43     -115      111       -4    226    12555    12560     15    652
44     -115      111       -4    226    12547    12560     23    652
45     -115      111       -4    226    12545    12557     51    652
46     -115      111       -4    226    12555    12552     -9    653
47     -116      111       -5    227    12555    12556    -33    653
48     -115      111       -4    226    12550    12554     -3    653
49     -115      111       -4    226    12548    12555      1    654
50     -116      111       -5    227    12549    12558     43    654
51     -115      111       -4    226    12550    12560     41    654
52     -115      111       -4    226    12553    12554     19    654
53     -115      111       -4    226    12554    12556     56    654
54     -116      111       -5    227    12554    12555      7    655
55     -115      111       -4    226    12559    12547     47    655
56     -115      111       -4    226    12556    12552     31    655
57     -116      111       -5    227    12556    12552     26    655
58     -115      111       -4    226    12553    12541     -6    655
59     -115      111       -4    226    12559    12553     25    655
60     -115      111       -4    226    12564    12546    -13    655
61     -115      110       -5    225    12555    12540     -6    654
62     -116      111       -5    227    12561    12548    -69    654
63     -115      110       -5    225    12559    12542    -76    653
64     -115      110       -5    225    12560    12555    -14    652
65     -115      111       -4    226    12557    12562    -24    652
66     -114      111       -3    225    12552    12562     16    652
67     -115      110       -5    225    12541    12559     47    652
68     -115      111       -4    226    12554    12554     17    653
69     -114      110       -4    224    12552    12542     -2    653
70     -115      110       -5    225    12548    12548    -18    653
71     -115      110       -5    225    12558    12558     -5    653
72     -114      111       -3    225    12552    12560     30    653
73     -115      110       -5    225    12551    12554     -7    653
74     -115      110       -5    225    12551    12552      3    653
75     -114      111       -3    225    12552    12548     -4    653
76     -115      110       -5    225    12552    12552     29    653
77     -115      110       -5    225    12542    12560     44    653
78     -114      110       -4    224    12550    12556     23    653
79     -115      111       -4    226    12554    12548      1    653
80     -115      110       -5    225    12554    12544    -12    653
81     -114      110       -4    224    12562    12552    -14    653
82     -115      110       -5    225    12556    12558    -27    653
83     -115      110       -5    225    12554    12544    -47    653
84     -114      110       -4    224    12552    12564     38    652
85     -115      111       -4    226    12548    12558     18    653
86     -114      110       -4    224    12546    12556      5    654
87     -115      110       -5    225    12542    12562     51    654
88     -114      111       -3    225    12548    12558     23    655
89     -114      110       -4    224    12551    12552     48    655
90     -115      110       -5    225    12552    12554     25    655
91     -115      110       -5    225    12558    12555      1    655
92     -114      111       -3    225    12548    12552     21    655
93     -115      110       -5    225    12547    12552     25    655
94     -114      110       -4    224    12550    12556      9    655
95     -115      111       -4    226    12550    12556     20    655
96     -115      110       -5    225    12550    12564     47    655
97     -114      111       -3    225    12550    12560     71    655
98     -115      110       -5    225    12550    12556     30    656
99     -114      111       -3    225    12548    12556     67    656
 0     -115      110       -5    225    12552    12556     70    656
 1     -114      110       -4    224    12558    12554    -42    657
 2     -115      111       -4    226    12555    12547    -28    657
 3     -115      110       -5    225    12556    12558    -41    657
 4     -114      111       -3    225    12556    12548    -66    657
 5     -115      110       -5    225    12559    12552      9    656
 6     -115      110       -5    225    12560    12550    -58    656
 7     -114      110       -4    224    12552    12556    -21    655
 8     -115      110       -5    225    12554    12552    -13    655
 9     -115      111       -4    226    12550    12562     51    655
10     -114      110       -4    224    12556    12551     59    655
11     -115      111       -4    226    12554    12553     -8    656
12     -114      110       -4    224    12556    12556      7    656
13     -115      110       -5    225    12552    12546    -11    656
14     -115      111       -4    226    12556    12546     -9    656
15     -114      110       -4    224    12552    12552    -41    656
16     -115      110       -5    225    12550    12550    -28    656
17     -114      111       -3    225    12556    12552     -1    656
18     -115      110       -5    225    12554    12552    -10    656
19     -114      111       -3    225    12552    12556    -24    656
20     -115      110       -5    225    12553    12548    -24    656
21     -115      110       -5    225    12560    12546    -76    656
22     -114      110       -4    224    12554    12548    -68    655
23     -115      110       -5    225    12554    12548    -50    654
24     -115      110       -5    225    12550    12561     14    653
25     -114      110       -4    224    12546    12555     46    653
26     -115      111       -4    226    12551    12552     69    653
27     -115      110       -5    225    12554    12556     -3    654
28     -114      110       -4    224    12555    12554      8    654
29     -115      110       -5    225    12554    12558     -1    654
30     -115      110       -5    225    12548    12550    -23    654
31     -115      110       -5    225    12556    12544    -54    654
32     -114      111       -3    225    12554    12546    -34    654
33     -115      110       -5    225    12552    12546    -59    654
34     -114      110       -4    224    12556    12550     -2    653
35     -115      109       -6    224    12546    12553     14    653
36     -114      110       -4    224    12553    12555      8    653
37     -115      110       -5    225    12542    12561     53    653
38     -114      111       -3    225    12556    12548    -26    654
39     -115      110       -5    225    12556    12548    -27    654
40     -115      109       -6    224    12560    12541    -60    654
41     -114      111       -3    225    12557    12542    -13    653
42     -115      110       -5    225    12562    12547    -64    653
43     -114      110       -4    224    12554    12551    -20    652
44     -115      110       -5    225    12555    12549    -68    652
45     -115      110       -5    225    12552    12564     23    651
46     -115      110       -5    225    12556    12550     10    651
47     -114      110       -4    224    12551    12561     22    651
48     -115      110       -5    225    12546    12556     36    651
49     -114      110       -4    224    12552    12557     14    651
50     -115      111       -4    226    12546    12556     53    651
51     -115      110       -5    225    12546    12562     23    652
52     -114      110       -4    224    12544    12564     47    652
53     -115      111       -4    226    12554    12568     21    653
54     -115      110       -5    225    12546    12564      9    654
55     -114      111       -3    225    12546    12556     66    654
56     -115      110       -5    225    12548    12552     28    655
57     -115      110       -5    225    12547    12556     46    655
58     -115      111       -4    226    12562    12550    -14    656
59     -114      110       -4    224    12556    12548    -29    656
60     -115      111       -4    226    12562    12548    -44    656
61     -115      110       -5    225    12558    12548    -59    656
62     -114      111       -3    225    12550    12548    -24    655
63     -115      110       -5    225    12562    12544     -5    654
64     -115      110       -5    225    12551    12544    -41    654
65     -115      110       -5    225    12552    12552      5    653
66     -114      111       -3    225    12546    12550     20    653
67     -115      110       -5    225    12550    12542     13    653
68     -114      110       -4    224    12550    12549     -2    653
69     -115      110       -5    225    12542    12558     24    653
70     -115      111       -4    226    12546    12564     37    653
71     -115      110       -5    225    12558    12550     23    653
72     -115      110       -5    225    12550    12560     41    653
73     -114      110       -4    224    12546    12557      5    654
74     -114      110       -4    224    12553    12555      6    654
75     -115      110       -5    225    12548    12552     20    654
76     -114      110       -4    224    12556    12549     22    654
77     -115      111       -4    226    12558    12550     24    654
78     -114      110       -4    224    12552    12562     23    654
79     -115      110       -5    225    12550    12560     73    654
80     -114      110       -4    224    12554    12551     10    655
81     -115      111       -4    226    12552    12552     36    655
82     -115      110       -5    225    12554    12546     19    655
