83     -302      306        4    610    13374    13332    -38   2887
84     -302      307        5    608    13330    13380      4   2885
85     -302      307        5    610    13332    13388      2   2886
86     -302      307        5    608    13331    13403     18   2886
87     -302      307        5    609    13342    13384     35   2885
88     -302      306        4    609    13349    13367     -9   2885
89     -302      307        5    608    13324    13407     70   2886
90     -301      307        6    609    13323    13412     27   2887
91     -302      307        5    609    13351    13388      5   2887
92     -302      307        5    608    13367    13351    -43   2887
93     -302      306        4    608    13368    13343      4   2884
94     -301      307        6    609    13346    13376     48   2884
95     -302      307        5    609    13327    13397     -3   2885
96     -302      307        5    609    13340    13378    -35   2885
97     -302      307        5    609    13343    13370     18   2885
98     -302      307        5    609    13344    13374     24   2886
99     -303      307        4    608    13355    13358    -64   2886
 0     -302      307        5    610    13346    13373     -9   2886
 1     -301      307        6    609    13372    13354    -35   2886
 2     -302      307        5    609    13348    13373     49   2885
 3     -302      307        5    609    13382    13323    -14   2886
 4     -302      307        5    608    13348    13354     -9   2886
 5     -301      307        6    609    13348    13355     10   2887
 6     -303      307        4    608    13348    13371    -32   2887
 7     -301      306        5    609    13332    13382      3   2886
 8     -302      307        5    609    13362    13360      6   2885
 9     -302      307        5    608    13345    13378     31   2885
10     -302      307        5    609    13358    13368    -39   2886
11     -301      307        6    608    13351    13369      1   2886
12     -302      307        5    610    13333    13386     33   2886
13     -302      307        5    609    13346    13359     34   2886
14     -303      307        4    609    13354    13353    -19   2886
15     -302      307        5    610    13348    13360     30   2885
16     -302      307        5    609    13360    13348    -62   2886
17     -302      307        5    609    13353    13358     24   2885
18     -302      307        5    609    13368    13338     24   2885
19     -302      307        5    609    13336    13388     57   2885
20     -302      307        5    609    13356    13335    -36   2886
21     -302      307        5    609    13367    13327    -64   2885
22     -302      307        5    608    13306    13419     13   2886
23     -302      307        5    608    13348    13369    -41   2886
24     -302      306        4    610    13346    13363     48   2884
25     -302      307        5    609    13360    13362      6   2884
26     -302      307        5    609    13343    13353     18   2884
27     -302      308        6    609    13371    13345    -31   2886
28     -302      307        5    609    13334    13395      7   2886
29     -302      307        5    610    13318    13408     79   2886
30     -302      307        5    608    13348    13380     69   2886
31     -303      307        4    610    13358    13354     51   2887
32     -302      307        5    609    13328    13389     12   2888
33     -302      307        5    609    13383    13327    -30   2888
34     -302      307        5    610    13348    13356     51   2887
35     -302      307        5    609    13326    13402     48   2888
36     -302      307        5    609    13346    13377     39   2890
37     -302      307        5    609    13330    13400      3   2891
38     -303      307        4    608    13360    13375     -7   2890
39     -302      307        5    610    13361    13345    -11   2889
40     -302      306        4    609    13324    13410     26   2889
41     -303      308        5    609    13348    13353    -28   2889
42     -302      307        5    610    13356    13350    -36   2890
43     -302      307        5    609    13365    13331    -15   2888
44     -302      307        5    610    13372    13334     15   2887
45     -302      307        5    609    13362    13352     -9   2889
46     -303      307        4    608    13350    13365    -39   2888
47     -302      307        5    611    13326    13400     18   2887
48     -302      307        5    609    13334    13386     23   2886
49     -302      307        5    609    13362    13359     -3   2887
50     -301      307        6    608    13336    13389    -17   2888
51     -302      307        5    609    13331    13412     30   2887
52     -302      307        5    609    13366    13350    -16   2888
53     -302      307        5    609    13370    13341    -42   2888
54     -302      307        5    609    13337    13372      8   2888
55     -302      307        5    609    13368    13346     24   2887
56     -302      307        5    609    13317    13418     65   2888
57     -303      307        4    609    13355    13364    -25   2888
58     -302      307        5    610    13353    13360     16   2887
59     -303      307        4    609    13312    13418      6   2887
60     -302      307        5    609    13354    13361     27   2887
61     -302      307        5    609    13340    13395     14   2888
62     -301      307        6    609    13338    13383     67   2888
63     -302      307        5    608    13348    13375     -3   2889
64     -302      306        4    608    13333    13393     50   2889
65     -301      307        6    608    13340    13391     -7   2889
66     -302      307        5    608    13372    13335     -8   2889
67     -302      306        4    609    13362    13349    -43   2888
68     -301      307        6    609    13326    13393     -9   2888
69     -302      307        5    608    13366    13347    -13   2888
70     -302      306        4    608    13356    13347     10   2888
71     -301      307        6    608    13374    13334    -11   2887
72     -302      307        5    609    13329    13388     19   2888
73     -301      307        6    608    13347    13367    -27   2889
74     -302      306        4    608    13364    13349     10   2888
75     -301      307        6    608    13345    13389     51   2887
76     -302      306        4    609    13361    13344    -31   2886
77     -302      307        5    608    13331    13391     42   2885
78     -302      307        5    608    13357    13345    -16   2886
79     -301      306        5    609    13373    13325    -45   2886
80     -302      307        5    608    13365    13345    -17   2887
81     -301      307        6    609    13327    13414     70   2886
82     -302      307        5    607    13363    13352     43   2886
83     -301      307        6    610    13336    13379      7   2888
84     -302      307        5    608    13347    13361     18   2889
85     -302      307        5    608    13340    13371     30   2889
86     -301      305        4    608    13366    13358    -42   2888
87     -301      307        6    607    13352    13373    -31   2887
88     -302      306        4    609    13335    13393     27   2887
89     -302      307        5    608    13334    13377      0   2888
90     -301      307        6    609    13369    13334    -42   2888
91     -302      307        5    608    13326    13382     28   2888
92     -302      307        5    609    13372    13335    -35   2889
93     -302      306        4    609    13398    13299    -45   2886
94     -302      307        5    608    13384    13321    -62   2885
95     -302      307        5    609    13348    13359    -11   2884
96     -302      307        5    608    13338    13377     43   2884
97     -301      307        6    610    13316    13402     52   2886
98     -301      307        6    608    13340    13370     -4   2888
99     -302      307        5    607    13398    13323    -60   2888
 0     -301      306        5    609    13365    13365     23   2886
 1     -302      307        5    609    13346    13353    -26   2887
 2     -302      307        5    607    13334    13371      2   2886
 3     -301      307        6    609    13348    13387    -17   2887
 4     -302      307        5    609    13382    13321    -60   2887
 5     -302      307        5    609    13341    13373     23   2886
