41     -333      339        6    671    13338    13369     36   2888
42     -333      338        5    672    13347    13353    -13   2888
43     -333      338        5    671    13368    13331    -32   2888
44     -333      339        6    671    13335    13393     26   2889
45     -333      338        5    672    13341    13393     66   2889
46     -333      338        5    671    13357    13358     12   2889
47     -333      338        5    671    13339    13377      6   2889
48     -333      338        5    671    13341    13379     72   2888
49     -334      338        4    671    13349    13373     11   2889
50     -332      339        7    671    13321    13413      4   2891
51     -334      337        3    671    13367    13324    -70   2890
52     -333      338        5    671    13341    13375    -19   2889
53     -333      338        5    670    13360    13342     18   2888
54     -333      338        5    672    13348    13365     -1   2889
55     -333      338        5    671    13319    13409     36   2889
56     -333      338        5    671    13357    13359     48   2889
57     -333      338        5    671    13349    13353      7   2890
58     -333      338        5    671    13331    13381      2   2890
59     -333      339        6    671    13353    13356     17   2891
60     -333      338        5    671    13362    13373    -42   2891
61     -333      338        5    671    13343    13374     16   2890
62     -333      337        4    671    13349    13373     28   2889
63     -333      338        5    671    13359    13353    -54   2890
64     -333      339        6    671    13349    13361     52   2889
65     -333      338        5    672    13323    13385     31   2889
66     -333      338        5    671    13334    13383     20   2890
67     -333      338        5    672    13353    13362     33   2889
68     -333      339        6    670    13362    13336    -34   2891
69     -333      337        4    671    13369    13335    -38   2889
70     -333      339        6    671    13335    13387      6   2889
71     -332      338        6    672    13349    13371     55   2890
72     -333      338        5    671    13347    13371     25   2890
73     -333      338        5    670    13363    13354    -46   2891
74     -333      338        5    671    13317    13408     14   2891
75     -333      338        5    671    13339    13379    -39   2893
76     -333      338        5    671    13377    13318    -65   2892
77     -333      338        5    671    13345    13375     -8   2892
78     -333      338        5    671    13355    13357    -36   2892
79     -333      338        5    672    13372    13328    -43   2891
80     -333      338        5    670    13385    13324    -44   2890
81     -333      337        4    671    13347    13364     25   2889
82     -333      338        5    671    13353    13365     38   2888
83     -333      338        5    671    13354    13351    -35   2890
84     -333      339        6    671    13334    13380    -21   2890
85     -334      338        4    672    13332    13379     23   2889
86     -333      339        6    673    13321    13412     44   2889
87     -333      339        6    671    13315    13416     47   2889
88     -334      338        4    672    13342    13393     55   2889
89     -333      339        6    672    13339    13380      6   2890
90     -333      339        6    672    13370    13315     -8   2891
91     -334      338        4    672    13374    13333    -52   2891
92     -333      338        5    671    13347    13363     36   2890
93     -333      338        5    672    13337    13385    -30   2889
94     -333      338        5    671    13335    13385     -8   2889
95     -334      339        5    671    13348    13355    -16   2889
96     -333      339        6    673    13341    13370     39   2889
97     -334      339        5    673    13319    13410     76   2890
98     -333      339        6    673    13316    13404     60   2892
99     -334      338        4    672    13370    13349    -17   2891
 0     -334      339        5    672    13352    13355    -18   2890
 1     -334      338        4    672    13340    13384    -22   2889
 2     -333      339        6    673    13337    13383     16   2890
 3     -334      339        5    672    13382    13329    -75   2889
 4     -334      338        4    672    13335    13392     67   2888
 5     -333      338        5    672    13328    13391      8   2888
 6     -334      339        5    673    13328    13392     12   2889
 7     -333      339        6    672    13338    13389     67   2890
 8     -334      339        5    671    13362    13358    -26   2891
 9     -333      338        5    672    13370    13324     -3   2889
10     -333      338        5    672    13342    13379     31   2890
11     -334      339        5    672    13346    13353    -45   2890
12     -334      338        4    673    13368    13332    -38   2888
13     -334      339        5    673    13360    13342    -14   2888
14     -333      340        7    672    13310    13425     11   2889
15     -334      338        4    673    13352    13361     -6   2889
16     -334      340        6    673    13367    13351     -6   2889
17     -334      339        5    673    13365    13351     23   2889
18     -334      338        4    673    13357    13347    -28   2888
19     -334      339        5    672    13372    13334    -21   2887
20     -334      339        5    673    13340    13366     59   2886
21     -334      339        5    673    13346    13374     18   2888
22     -333      339        6    673    13332    13387     49   2888
23     -334      339        5    672    13358    13346    -72   2889
24     -334      339        5    673    13334    13394      3   2889
25     -334      339        5    674    13323    13376     33   2890
26     -334      339        5    673    13334    13377     60   2891
27     -334      339        5    673    13352    13350    -30   2892
28     -334      339        5    672    13356    13365     24   2890
29     -334      338        4    673    13360    13364     25   2889
30     -334      339        5    672    13356    13347      7   2889
31     -334      339        5    673    13330    13381     46   2888
32     -334      339        5    672    13345    13358     30   2888
33     -334      339        5    673    13352    13359    -18   2889
34     -334      338        4    673    13370    13329    -51   2888
35     -333      339        6    673    13344    13378     57   2887
36     -334      339        5    672    13350    13365    -17   2888
37     -333      339        6    672    13333    13389      6   2888
38     -333      339        6    673    13342    13349     41   2889
39     -334      339        5    671    13339    13389     55   2890
40     -333      338        5    673    13341    13380     16   2890
41     -334      338        4    671    13355    13361    -12   2889
42     -333      338        5    671    13346    13371     -8   2889
43     -333      338        5    671    13344    13373      9   2887
44     -333      338        5    672    13329    13390     67   2887
45     -333      338        5    671    13352    13353    -29   2887
46     -333      338        5    671    13311    13424     62   2887
47     -333      338        5    671    13353    13360     15   2887
48     -333      339        6    671    13346    13377     36   2887
49     -333      338        5    671    13358    13354     18   2887
50     -333      338        5    671    13345    13368     37   2887
51     -333      338        5    672    13325    13397     35   2888
52     -333      338        5    671    13361    13334    -44   2888
53     -333      338        5    669    13377    13317    -76   2888
54     -333      338        5    671    13343    13378     19   2887
55     -332      337        5    671    13344    13382     16   2886
56     -333      338        5    670    13351    13370    -38   2885
57     -333      338        5    670    13329    13398     46   2885
58     -332      338        6    672    13371    13335    -57   2887
59     -333      338        5    671    13349    13373    -24   2886
60     -333      339        6    671    13351    13357     -3   2886
61     -333      338        5    672    13354    13343     26   2886
62     -333      339        6    671    13363    13351    -10   2887
63     -333      337        4    671    13361    13342    -12   2886
64     -332      339        7    671    13337    13379      5   2889
65     -334      338        4    671    13345    13365    -10   2889
66     -333      338        5    671    13341    13383     -4   2888
67     -332      338        6    670    13321    13411     44   2887
68     -333      338        5    671    13348    13378      3   2888
69     -333      337        4    671    13351    13362     45   2887
70     -333      338        5    671    13356    13358    -24   2887
71     -333      339        6    670    13326    13409     69   2887
72     -333      338        5    671    13339    13379     28   2888
73     -333      338        5    673    13347    13361    -15   2889
74     -333      338        5    670    13353    13351      0   2887
75     -333      338        5    671    13351    13370     13   2886
76     -333      337        4    671    13328    13399     -6   2885
77     -334      338        4    671    13349    13373      1   2884
78     -332      339        7    672    13342    13379     35   2885
79     -333      339        6    671    13333    13397      5   2886
80     -333      339        6    672    13335    13395     25   2888
81     -333      338        5    671    13343    13375     51   2887
82     -333      339        6    671    13334    13393     43   2889
83     -333      338        5    672    13373    13328     -7   2889
84     -333      338        5    672    13339    13383     76   2888
85     -333      338        5    671    13330    13400     21   2889
86     -334      338        4    671    13352    13361     44   2888
87     -333      338        5    672    13377    13313    -33   2887
88     -333      338        5    670    13349    13376     26   2885
