10     -359      365        6    724    13337    13381     41   2887
11     -360      363        3    724    13364    13340    -42   2886
12     -359      365        6    723    13341    13364     -8   2886
13     -360      364        4    723    13335    13377     39   2885
14     -359      365        6    724    13351    13348     -3   2886
15     -359      365        6    724    13336    13383     41   2887
16     -359      364        5    724    13357    13349    -15   2888
17     -360      364        4    723    13337    13389      9   2887
18     -359      364        5    724    13343    13367      2   2888
19     -359      365        6    724    13324    13391     38   2889
20     -359      365        6    724    13324    13404      5   2892
21     -359      364        5    723    13341    13369    -20   2891
22     -360      364        4    724    13341    13378     -2   2889
23     -360      364        4    723    13366    13316    -47   2889
24     -359      364        5    723    13333    13376     55   2886
25     -359      364        5    725    13360    13331    -28   2887
26     -359      365        6    723    13329    13393     20   2887
27     -360      364        4    723    13325    13391     11   2887
28     -359      364        5    724    13361    13336    -27   2886
29     -359      364        5    724    13339    13370     33   2886
30     -359      365        6    723    13341    13379    -12   2887
31     -360      365        5    724    13317    13418     65   2886
32     -360      365        5    725    13324    13386     17   2887
33     -359      365        6    725    13356    13363     -3   2888
34     -360      365        5    726    13356    13339    -13   2888
35     -360      365        5    725    13364    13327    -23   2888
36     -360      365        5    724    13348    13364    -15   2888
37     -360      364        4    724    13321    13416     54   2887
38     -359      366        7    726    13352    13360     24   2889
39     -360      365        5    724    13335    13378     51   2890
40     -360      365        5    725    13342    13350    -46   2890
41     -359      365        6    724    13366    13343     16   2889
42     -360      364        4    725    13368    13341    -67   2889
43     -360      365        5    724    13372    13327    -74   2888
44     -360      365        5    724    13334    13388     36   2888
45     -359      365        6    726    13344    13374     50   2889
46     -360      365        5    725    13338    13381     28   2889
47     -360      366        6    725    13352    13355     19   2890
48     -361      364        3    724    13352    13361    -42   2889
49     -360      365        5    725    13354    13354    -17   2888
50     -360      365        5    725    13358    13341    -32   2887
51     -360      364        4    725    13352    13368    -17   2886
52     -359      366        7    725    13350    13362    -43   2886
53     -360      365        5    724    13354    13353     29   2887
54     -359      365        6    725    13340    13376      2   2887
55     -360      365        5    725    13322    13398      0   2889
56     -359      366        7    725    13361    13363    -39   2890
57     -360      365        5    725    13358    13355     57   2889
58     -360      365        5    726    13338    13382     68   2891
59     -360      365        5    724    13352    13350    -44   2892
60     -360      364        4    725    13362    13325    -58   2890
61     -360      366        6    725    13356    13354     -7   2890
62     -360      365        5    725    13338    13383     74   2890
63     -360      365        5    724    13348    13365      0   2890
64     -360      365        5    725    13379    13315    -19   2889
65     -360      364        4    725    13352    13369    -15   2889
66     -359      366        7    725    13327    13392      0   2891
67     -360      366        6    725    13319    13408     35   2893
68     -359      365        6    725    13344    13361     53   2893
69     -360      365        5    725    13347    13379     44   2893
70     -360      364        4    725    13364    13345     44   2892
71     -360      365        5    724    13338    13382     42   2891
72     -360      364        4    725    13357    13365     54   2891
73     -360      366        6    725    13341    13371    -14   2892
74     -360      364        4    725    13350    13358      2   2891
75     -361      366        5    725    13369    13328    -42   2891
76     -360      365        5    726    13346    13372    -14   2891
77     -360      366        6    725    13332    13376     -1   2891
78     -360      365        5    726    13349    13356      9   2891
79     -360      365        5    726    13317    13408     72   2891
80     -360      366        6    725    13336    13380      6   2892
81     -360      365        5    725    13338    13385     11   2892
82     -360      364        4    725    13334    13382     39   2891
83     -360      365        5    724    13364    13319    -30   2892
84     -360      365        5    725    13378    13319    -41   2891
85     -360      366        6    725    13317    13412      6   2892
86     -360      364        4    725    13320    13402     55   2891
87     -359      366        7    725    13342    13355    -15   2892
88     -360      364        4    724    13356    13345     -2   2892
89     -359      365        6    725    13332    13385    -18   2893
90     -359      365        6    724    13358    13353    -24   2894
91     -360      365        5    724    13360    13349     -9   2895
92     -359      365        6    724    13349    13366     13   2894
93     -360      364        4    723    13390    13308    -13   2893
94     -360      364        4    724    13360    13351    -10   2891
95     -359      364        5    724    13358    13356     45   2891
96     -359      365        6    723    13329    13388     58   2893
97     -359      365        6    724    13351    13359     13   2894
98     -359      364        5    724    13364    13333    -60   2894
99     -360      365        5    724    13353    13349      8   2894
 0     -359      364        5    724    13337    13369     21   2894
 1     -359      365        6    724    13358    13354    -35   2894
 2     -360      364        4    723    13334    13381    -16   2893
 3     -359      364        5    724    13368    13324    -26   2893
 4     -360      365        5    724    13354    13356     33   2893
 5     -359      364        5    724    13346    13354      4   2892
 6     -359      364        5    724    13341    13367     44   2892
 7     -359      365        6    723    13359    13349     31   2893
 8     -360      364        4    724    13369    13341    -18   2893
 9     -359      365        6    724    13309    13422     53   2893
10     -359      365        6    724    13341    13385     55   2893
11     -360      364        4    724    13319    13414     56   2894
12     -359      365        6    725    13339    13375     42   2895
13     -359      365        6    723    13350    13359    -35   2896
14     -360      364        4    724    13341    13373     39   2896
15     -359      365        6    723    13368    13328      5   2896
16     -359      364        5    725    13361    13349     -9   2895
17     -360      365        5    723    13319    13405     31   2895
18     -359      364        5    725    13354    13353    -10   2896
19     -360      364        4    722    13369    13325     -3   2894
20     -359      364        5    724    13340    13382     50   2894
21     -359      364        5    724    13356    13350    -32   2894
22     -359      365        6    723    13306    13420      2   2894
23     -359      364        5    724    13353    13370     -9   2894
24     -359      365        6    723    13347    13360    -13   2895
25     -359      364        5    723    13327    13383     32   2893
26     -359      364        5    723    13317    13401    -18   2894
27     -359      364        5    724    13350    13351    -39   2895
28     -359      365        6    723    13353    13356      2   2895
29     -359      364        5    722    13354    13354    -36   2895
30     -359      364        5    723    13326    13394     70   2894
31     -359      364        5    724    13343    13379     54   2896
32     -359      364        5    722    13357    13360     11   2895
33     -359      364        5    725    13360    13352    -28   2895
