 7     -262      257       -5    519    12553    12545     47    660
 8     -262      257       -5    519    12549    12543     17    660
 9     -261      257       -4    518    12551    12549      4    660
10     -262      256       -6    518    12556    12543    -51    660
11     -262      257       -5    519    12550    12539    -13    659
12     -262      257       -5    519    12551    12538    -51    659
13     -262      257       -5    519    12547    12543     -3    658
14     -262      257       -5    519    12549    12543     -2    658
15     -262      257       -5    519    12549    12547     -3    658
16     -261      257       -4    518    12543    12551     44    658
17     -262      257       -5    519    12543    12556      1    659
18     -262      257       -5    519    12552    12545    -12    659
19     -262      258       -4    520    12553    12549    -27    659
20     -263      257       -6    520    12554    12542    -73    659
21     -262      257       -5    519    12542    12553      9    658
22     -262      258       -4    520    12556    12550     -6    658
23     -263      258       -5    521    12544    12551      5    658
24     -262      257       -5    519    12539    12553     39    658
25     -262      258       -4    520    12552    12550      8    659
26     -262      258       -4    520    12538    12557     47    659
27     -262      257       -5    519    12542    12555     10    660
28     -262      258       -4    520    12542    12553     48    660
29     -262      257       -5    519    12550    12546     63    660
30     -262      257       -5    519    12557    12540      9    660
31     -262      257       -5    519    12551    12545    -42    660
32     -263      257       -6    520    12555    12544    -77    660
33     -262      257       -5    519    12552    12546     -8    659
34     -261      257       -4    518    12545    12548      4    659
35     -262      257       -5    519    12549    12551     17    659
36     -261      257       -4    518    12551    12553     27    659
37     -262      258       -4    520    12549    12552     41    659
38     -263      257       -6    520    12554    12551     55    659
39     -262      257       -5    519    12544    12551     34    659
40     -262      258       -4    520    12548    12547     15    659
41     -262      257       -5    519    12551    12547     14    659
42     -262      257       -5    519    12551    12549      9    659
43     -262      257       -5    519    12550    12549     17    659
44     -262      258       -4    520    12549    12547     18    659
45     -262      257       -5    519    12544    12557     40    659
46     -262      257       -5    519    12550    12545     59    659
47     -262      258       -4    520    12554    12534      1    659
48     -262      257       -5    519    12556    12537    -62    659
49     -263      257       -6    520    12549    12539    -38    658
50     -262      257       -5    519    12544    12539    -67    658
51     -262      257       -5    519    12547    12543    -41    657
52     -262      257       -5    519    12551    12551    -50    657
53     -262      258       -4    520    12547    12541    -45    657
54     -262      257       -5    519    12554    12543    -77    657
55     -263      257       -6    520    12548    12551     -9    656
56     -261      258       -3    519    12547    12552      4    656
57     -262      257       -5    519    12548    12549     27    656
58     -263      257       -6    520    12555    12540     -7    656
59     -262      258       -4    520    12542    12543    -21    656
60     -262      257       -5    519    12560    12546    -40    656
61     -262      258       -4    520    12551    12554    -46    656
62     -263      257       -6    520    12552    12552    -43    656
63     -262      258       -4    520    12540    12551    -46    656
64     -262      257       -5    519    12552    12545    -63    656
65     -263      258       -5    521    12540    12546      2    655
66     -262      258       -4    520    12542    12555     47    655
67     -262      258       -4    520    12542    12551      8    656
68     -263      257       -6    520    12558    12551     11    656
69     -263      258       -5    521    12560    12544    -13    656
70     -262      258       -4    520    12543    12550    -16    656
71     -262      257       -5    519    12550    12547    -35    656
72     -263      258       -5    521    12544    12542    -35    656
73     -262      257       -5    519    12554    12539      2    655
74     -263      258       -5    521    12546    12545      1    655
75     -262      257       -5    519    12552    12551    -17    655
76     -262      257       -5    519    12544    12553      2    655
77     -262      258       -4    520    12540    12558     37    655
78     -262      258       -4    520    12546    12553     61    655
79     -263      258       -5    521    12554    12548     61    655
80     -262      257       -5    519    12542    12546     -2    656
81     -263      258       -5    521    12556    12547    -22    656
82     -262      258       -4    520    12541    12542    -32    656
83     -263      257       -6    520    12544    12552     -7    656
84     -262      258       -4    520    12554    12551     25    656
85     -262      258       -4    520    12542    12543     36    656
86     -263      257       -6    520    12540    12553     50    656
87     -262      258       -4    520    12544    12552     11    657
88     -262      258       -4    520    12548    12547     31    657
89     -263      257       -6    520    12554    12537    -17    657
90     -262      258       -4    520    12564    12540    -15    656
91     -263      257       -6    520    12552    12541    -62    656
92     -262      257       -5    519    12542    12549    -52    656
93     -262      258       -4    520    12550    12551    -34    656
94     -262      258       -4    520    12544    12548     -6    656
95     -263      257       -6    520    12542    12554     29    656
96     -262      258       -4    520    12541    12555     54    656
97     -262      258       -4    520    12563    12544    -19    657
98     -263      257       -6    520    12564    12540     -7    656
99     -262      258       -4    520    12556    12546    -49    656
 0     -263      257       -6    520    12544    12539    -73    656
 1     -262      258       -4    520    12552    12552      0    655
 2     -262      258       -4    520    12536    12556     62    655
 3     -262      257       -5    519    12542    12556     50    656
 4     -262      258       -4    520    12546    12556      7    657
 5     -262      257       -5    519    12545    12553     51    657
 6     -261      257       -4    518    12553    12547     45    657
 7     -262      257       -5    519    12552    12555     52    657
 8     -262      257       -5    519    12553    12549     46    657
 9     -261      257       -4    518    12556    12551     27    657
10     -262      257       -5    519    12549    12545     19    657
11     -262      257       -5    519    12553    12553     14    657
12     -261      257       -4    518    12553    12555     22    657
13     -262      257       -5    519    12546    12543     15    657
14     -262      257       -5    519    12550    12545      0    657
15     -262      257       -5    519    12548    12536    -47    657
16     -262      257       -5    519    12554    12541    -25    656
17     -261      257       -4    518    12547    12550    -28    656
18     -262      257       -5    519    12553    12555    -16    656
19     -261      256       -5    517    12553    12550    -19    656
20     -262      257       -5    519    12556    12551    -38    656
21     -261      257       -4    518    12548    12549    -49    656
22     -262      258       -4    520    12543    12553    -22    656
23     -261      257       -4    518    12545    12559      9    656
24     -262      257       -5    519    12548    12559     37    656
25     -261      257       -4    518    12551    12547     47    656
26     -262      257       -5    519    12555    12548     55    656
27     -261      256       -5    517    12547    12540     27    656
28     -262      257       -5    519    12553    12544     -3    656
29     -262      257       -5    519    12543    12557      9    656
30     -261      257       -4    518    12550    12555     29    656
31     -262      257       -5    519    12548    12543     15    656
32     -262      257       -5    519    12548    12544     -7    656
33     -261      257       -4    518    12550    12547    -22    656
34     -262      257       -5    519    12547    12551    -23    656
35     -262      257       -5    519    12546    12556     -1    656
36     -261      257       -4    518    12545    12547      1    656
37     -262      256       -6    518    12556    12547    -48    656
38     -262      257       -5    519    12546    12543      4    655
39     -261      257       -4    518    12551    12543    -19    655
40     -262      257       -5    519    12553    12541     -7    655
41     -262      256       -6    518    12551    12540    -24    655
42     -261      257       -4    518    12551    12543    -41    655
43     -262      257       -5    519    12546    12549    -33    655
44     -262      256       -6    518    12541    12551    -25    655
45     -262      257       -5    519    12546    12551      5    655
46     -262      257       -5    519    12542    12543     12    655
47     -262      258       -4    520    12554    12545      3    655
48     -262      257       -5    519    12554    12553      0    655
49     -261      257       -4    518    12543    12555     19    655
50     -262      257       -5    519    12541    12557     43    655
51     -262      257       -5    519    12538    12557     45    656
52     -261      258       -3    519    12539    12555     12    657
53     -262      256       -6    518    12554    12539     -4    657
54     -262      257       -5    519    12548    12542    -45    657
55     -262      257       -5    519    12547    12547    -68    657
56     -262      258       -4    520    12543    12550      5    656
57     -261      257       -4    518    12551    12555     35    656
58     -262      257       -5    519    12550    12552     65    656
59     -262      258       -4    520    12550    12552     -3    657
60     -262      257       -5    519    12552    12554      2    657
61     -262      257       -5    519    12549    12549     -5    657
62     -261      257       -4    518    12551    12543     -7    657
63     -262      257       -5    519    12547    12551    -20    657
64     -262      257       -5    519    12551    12545    -39    657
65     -261      257       -4    518    12551    12547    -63    657
66     -262      257       -5    519    12547    12543     -1    656
67     -262      257       -5    519    12546    12542    -23    656
68     -262      257       -5    519    12545    12559     12    656
69     -262      257       -5    519    12542    12556     67    656
70     -261      257       -4    518    12549    12553     26    657
71     -262      258       -4    520    12543    12554     71    657
72     -262      257       -5    519    12558    12552      5    658
73     -261      257       -4    518    12540    12553     23    658
74     -262      257       -5    519    12545    12549     35    658
75     -261      257       -4    518    12549    12555     58    658
76     -262      257       -5    519    12551    12551     -1    659
77     -261      257       -4    518    12554    12545    -24    659
78     -261      257       -4    518    12549    12549     -2    658
79     -262      256       -6    518    12551    12549    -27    658
80     -261      257       -4    518    12551    12553     -3    658
81     -262      257       -5    519    12549    12555     24    658
82     -261      257       -4    518    12550    12556     49    658
83     -261      257       -4    518    12545    12551      6    659
84     -262      257       -5    519    12551    12549      3    659
85     -262      257       -5    519    12549    12549      2    659
86     -262      257       -5    519    12552    12549      0    659
87     -261      257       -4    518    12550    12547      5    659
88     -262      257       -5    519    12552    12541    -17    659
89     -263      257       -6    520    12556    12537    -64    659
90     -262      257       -5    519    12543    12543    -26    658
91     -262      257       -5    519    12538    12535    -61    658
92     -262      257       -5    519    12558    12545    -19    657
93     -262      257       -5    519    12547    12551    -29    657
94     -263      257       -6    520    12540    12541    -34    657
95     -262      258       -4    520    12545    12545    -37    657
96     -262      257       -5    519    12546    12549    -43    657
97     -262      257       -5    519    12546    12551    -59    657
98     -263      258       -5    521    12550    12541    -72    657
99     -262      257       -5    519    12552    12543     -6    656
 0     -262      258       -4    520    12545    12549      0    656
 1     -263      257       -6    520    12556    12545    -16    656
 2     -262      258       -4    520    12549    12550    -14    656
 3     -262      257       -5    519    12541    12555     11    656
 4     -263      258       -5    521    12542    12561     52    656
 5     -262      258       -4    520    12548    12554      1    657
 6     -262      257       -5    519    12544    12546      0    657
