38        3        2        5      0    13346    13349     17   1465   -119
39        3        2        5     -1    13340    13346     10   1465   -119
40        3        2        5     -1    13338    13354     65   1465   -119
41        2        1        3     -1    13351    13349      3   1466   -119
42        3        2        5     -2    13337    13347      4   1466   -118
43        3        2        5     -1    13352    13345     24   1466   -118
44        3        2        5     -1    13343    13338     -2   1466   -118
45        3        2        5     -1    13352    13334    -35   1466   -118
46        3        2        5      0    13350    13339    -24   1465   -118
47        2        2        4     -1    13346    13340    -46   1465   -118
48        3        1        4     -1    13350    13344    -66   1465   -118
49        3        2        5     -1    13346    13337    -54   1464   -118
50        3        2        5     -1    13339    13351    -43   1464   -118
51        2        2        4     -1    13339    13340    -35   1464   -118
52        3        2        5     -1    13352    13343    -50   1464   -118
53        3        2        5     -1    13348    13346    -42   1464   -118
54        3        1        4      0    13348    13346    -14   1464   -118
55        3        2        5     -2    13354    13348    -11   1464   -117
56        3        2        5     -1    13344    13350     -6   1464   -117
57        3        2        5     -1    13349    13345     -8   1464   -117
58        2        2        4     -1    13347    13340    -32   1464   -117
59        3        2        5      0    13340    13349    -58   1464   -117
60        2        2        4     -1    13340    13346    -32   1464   -117
61        3        2        5      0    13344    13344    -14   1464   -117
62        2        2        4     -1    13346    13345      9   1464   -117
63        3        2        5      0    13344    13349     29   1464   -117
64        2        2        4     -1    13348    13344     25   1464   -117
65        3        2        5      1    13342    13345     36   1464   -117
66        2        2        4     -1    13349    13344     30   1464   -117
67        2        3        5      0    13340    13347     28   1464   -117
68        3        2        5     -1    13342    13348     36   1464   -117
69        3        2        5      0    13342    13349     32   1464   -117
70        2        2        4     -1    13338    13349     72   1464   -117
71        2        2        4      0    13348    13351     -2   1465   -117
72        3        2        5      0    13348    13341     -9   1465   -117
73        2        3        5      0    13354    13343    -21   1465   -117
74        3        2        5      0    13350    13340    -62   1465   -117
75        2        2        4      0    13348    13343    -14   1464   -117
76        2        3        5      0    13340    13350     -4   1464   -117
77        3        2        5     -1    13344    13350     23   1464   -117
78        2        2        4      0    13336    13356     71   1464   -117
79        3        2        5      1    13335    13353      0   1465   -117
80        2        2        4     -1    13344    13346     17   1465   -117
81        2        3        5      0    13340    13341      6   1465   -117
82        3        1        4     -1    13346    13342     -5   1465   -117
83        2        3        5      0    13339    13350     -6   1465   -117
84        3        2        5      0    13342    13342     20   1465   -117
85        2        2        4     -1    13356    13343     22   1465   -117
86        3        2        5      0    13346    13349     28   1465   -117
87        2        2        4     -1    13350    13347     14   1465   -117
88        3        2        5      0    13348    13340     -4   1465   -117
89        2        2        4     -1    13352    13337    -62   1465   -117
90        3        2        5      0    13350    13345    -13   1464   -117
91        2        2        4     -1    13341    13338    -44   1464   -117
92        3        2        5      0    13345    13343    -46   1464   -117
93        2        2        4      0    13344    13348    -28   1464   -117
94        3        3        6      0    13342    13355     -1   1464   -117
95        2        2        4     -1    13342    13348     46   1464   -117
96        2        2        4      0    13339    13342     -9   1465   -117
97        3        2        5      0    13342    13344     -1   1465   -117
98        2        2        4      0    13348    13337    -39   1465   -117
99        2        3        5      0    13352    13343     -5   1464   -117
 0        2        2        4      0    13354    13339    -50   1464   -117
 1        3        2        5      1    13350    13341    -66   1464   -117
 2        2        3        5     -1    13342    13347     20   1463   -117
 3        2        2        4      0    13344    13346     40   1463   -117
 4        3        3        6      1    13338    13347     59   1463   -117
 5        2        2        4     -1    13346    13347     71   1463   -117
 6        2        2        4      1    13348    13349      2   1464   -117
 7        2        3        5      0    13335    13359     72   1464   -117
 8        2        2        4      1    13343    13355     56   1465   -117
 9        2        3        5      0    13342    13341     39   1465   -117
10        3        2        5      0    13352    13341     -9   1465   -117
11        2        3        5      0    13352    13341    -62   1465   -117
12        2        2        4      0    13348    13341    -10   1464   -117
13        2        2        4      1    13348    13345    -13   1464   -117
14        3        3        6      0    13340    13351     14   1464   -117
15        2        2        4     -1    13342    13352     44   1464   -117
16        2        3        5      1    13348    13349      6   1465   -117
17        2        2        4      0    13340    13352     30   1465   -117
18        3        2        5      0    13337    13342     37   1465   -117
19        2        3        5      0    13344    13351     25   1465   -117
20        2        2        4      0    13338    13356     56   1465   -117
21        3        2        5      0    13344    13350     20   1466   -117
22        3        3        6     -1    13364    13343      2   1466   -117
23        3        2        5      0    13344    13340    -20   1466   -117
24        1        1        2     -1    13346    13344    -18   1466   -117
25        3        2        5      0    13347    13346    -21   1466   -117
26        2        2        4     -1    13346    13338    -47   1466   -117
27        3        2        5     -1    13362    13342      0   1465   -117
28        3        2        5     -1    13344    13351     17   1465   -117
29        3        2        5      0    13344    13351    -22   1465   -117
30        2        2        4     -1    13361    13338    -53   1465   -117
31        3        2        5     -1    13346    13349     23   1464   -117
32        3        2        5      0    13340    13350     66   1464   -117
33        2        2        4     -1    13339    13358     48   1465   -117
34        2        3        5      1    13344    13341     -4   1466   -117
35        3        2        5      0    13352    13333    -52   1466   -117
36        2        2        4     -1    13350    13339    -33   1465   -117
37        2        2        4      1    13356    13335      1   1464   -117
38        3        2        5     -1    13342    13344    -11   1464   -117
39        3        2        5      0    13334    13342    -58   1464   -117
40        2        2        4     -1    13344    13354     22   1463   -117
41        3        3        6      0    13342    13354     -1   1464   -117
42        2        2        4     -1    13340    13347     54   1464   -117
43        2        2        4      0    13342    13340    -13   1465   -117
44        3        2        5      0    13354    13339    -67   1465   -117
45        2        2        4      0    13341    13348      0   1464   -117
46        3        2        5     -2    13328    13356     63   1464   -116
47        3        2        5      0    13342    13346     38   1465   -116
48        2        2        4     -1    13341    13350     -6   1466   -116
49        3        2        5     -1    13346    13344    -32   1466   -116
50        2        1        3      0    13344    13342    -51   1466   -116
51        3        2        5     -2    13341    13342    -39   1466   -115
52        3        2        5      0    13337    13351      3   1466   -115
53        2        2        4     -1    13337    13350     52   1466   -115
54        3        2        5      0    13347    13343      0   1467   -115
55        2        1        3     -1    13356    13336    -32   1467   -115
56        3        2        5     -1    13346    13339     -3   1466   -115
57        2        2        4      0    13344    13345    -11   1466   -115
58        3        2        5     -1    13342    13346     -3   1466   -115
59        2        2        4      0    13348    13348    -27   1466   -115
60        3        3        6     -1    13341    13354    -11   1466   -115
61        2        2        4      0    13346    13347      4   1466   -115
62        3        2        5      0    13346    13343    -14   1466   -115
63        2        2        4     -1    13350    13344    -26   1466   -115
64        3        2        5     -1    13343    13345    -21   1466   -115
65        2        2        4      0    13342    13351     -3   1466   -115
66        3        2        5     -1    13353    13350     30   1466   -115
67        3        2        5     -1    13347    13346     27   1466   -115
68        3        2        5      0    13343    13343     31   1466   -115
69        2        2        4      0    13351    13343     30   1466   -115
70        3        3        6      0    13348    13349     15   1466   -115
71        2        1        3     -1    13343    13342     18   1466   -115
72        3        2        5      0    13344    13343     10   1466   -115
73        2        2        4     -2    13344    13344     32   1466   -114
74        3        2        5      0    13337    13344     45   1466   -114
75        2        2        4      0    13336    13349     76   1466   -114
76        2        2        4     -1    13344    13342     -2   1467   -114
77        3        2        5     -1    13336    13342      1   1467   -114
78        3        2        5      0    13340    13342     15   1467   -114
79        2        2        4     -1    13349    13346    -26   1467   -114
80        3        2        5     -1    13353    13348    -35   1467   -114
81        3        2        5      0    13347    13342    -51   1467   -114
82        2        2        4     -1    13340    13348      6   1466   -114
83        3        2        5     -1    13349    13345     -7   1466   -114
84        3        2        5     -1    13363    13344    -44   1466   -114
85        3        2        5     -1    13352    13341     -9   1465   -114
86        3        2        5      0    13350    13340    -30   1465   -114
87        2        2        4     -1    13348    13342    -27   1465   -114
88        3        2        5     -1    13358    13344    -28   1465   -114
89        3        2        5     -1    13345    13349    -49   1465   -114
90        2        2        4      1    13339    13357      3   1465   -114
91        3        3        6     -1    13334    13357     74   1465   -114
92        2        2        4      0    13342    13350     50   1466   -114
93        3        2        5     -1    13338    13355     35   1467   -114
94        2        2        4      0    13342    13349     11   1468   -114
95        3        2        5     -1    13344    13353     29   1468   -114
96        2        2        4      0    13344    13350     61   1468   -114
97        3        2        5     -1    13342    13342     77   1468   -114
98        3        2        5      0    13352    13335    -51   1469   -114
99        2        2        4      0    13349    13339    -36   1468   -114
 0        2        2        4      1    13344    13339      4   1467   -114
 1        1        3        4      0    13342    13341      0   1467   -114
 2        2        3        5      1    13341    13349      6   1467   -114
 3        2        3        5      1    13346    13339     -6   1467   -114
 4        2        3        5      2    13357    13337    -79   1467   -115
 5        2        2        4      1    13338    13343    -16   1466   -115
 6        1        3        4      1    13347    13347    -18   1466   -115
 7        2        3        5      1    13346    13348    -12   1466   -115
 8        2        3        5      1    13341    13341     -3   1466   -115
 9        1        3        4      1    13356    13346    -26   1466   -115
10        2        3        5      1    13348    13349    -29   1466   -115
11        2        3        5      1    13334    13357     33   1466   -115
12        2        2        4      0    13340    13354     14   1467   -115
13        2        3        5      1    13340    13350     32   1467   -115
14        2        2        4      0    13342    13340     21   1467   -115
15        2        3        5      1    13348    13341    -19   1467   -115
16        2        3        5      1    13342    13343    -50   1467   -115
17        2        2        4      0    13344    13343    -61   1467   -115
18        2        3        5      1    13344    13341    -72   1467   -115
19        2        3        5      1    13342    13347      9   1466   -115
20        2        2        4      1    13340    13349     24   1466   -115
21        2        3        5      0    13340    13347     42   1466   -115
22        2        3        5      1    13339    13343      7   1467   -115
23        2        2        4      0    13344    13348     55   1467   -115
24        2        3        5      1    13336    13349     14   1468   -115
25        2        2        4      0    13336    13351     59   1468   -115
26        2        2        4      1    13344    13345      5   1469   -115
27        2        3        5      0    13344    13348     24   1469   -115
