52       -6        1       -5      7    12558    12543    -68    656  -1059
53       -6        2       -4      8    12561    12548    -59    656  -1063
54       -6        2       -4      8    12557    12557    -46    656  -1067
55       -6        2       -4      8    12550    12556    -52    656  -1071
56       -5        0       -5      5    12570    12558    -54    656  -1073
57       -4        1       -3      5    12556    12551    -64    656  -1075
58       -4        0       -4      4    12551    12556    -10    655  -1077
59       -5        0       -5      5    12556    12552    -21    655  -1079
60       -5        1       -4      6    12543    12547    -41    655  -1082
61       -5        1       -4      6    12536    12551    -46    655  -1085
62       -5        1       -4      6    12559    12548    -61    655  -1088
63       -3       -1       -4      2    12546    12558     -2    654  -1089
64       -4       -1       -5      3    12562    12562     10    654  -1090
65       -4        0       -4      4    12544    12556     53    654  -1092
66       -4       -1       -5      3    12555    12557     11    655  -1093
67       -4        0       -4      4    12558    12557     13    655  -1095
68       -4        0       -4      4    12549    12558     11    655  -1097
69       -3       -1       -4      2    12552    12559     39    655  -1098
70       -3       -1       -4      2    12550    12574     10    656  -1099
71       -3       -1       -4      2    12555    12560     62    656  -1100
72       -4       -1       -5      3    12555    12554     59    656  -1101
73       -4        0       -4      4    12554    12554     68    656  -1103
74       -4       -1       -5      3    12557    12549     26    656  -1104
75       -3       -1       -4      2    12559    12548     -7    656  -1105
76       -2       -2       -4      0    12554    12552    -42    656  -1105
77       -3       -1       -4      2    12563    12553    -58    656  -1106
78       -3       -1       -4      2    12555    12553    -36    656  -1107
79       -4       -1       -5      3    12551    12555    -45    656  -1108
80       -3       -1       -4      2    12551    12543    -48    656  -1109
81       -3       -1       -4      2    12545    12553    -51    656  -1110
82       -2       -2       -4      0    12562    12542    -39    656  -1110
83       -2       -2       -4      0    12549    12551    -64    656  -1110
84       -3       -2       -5      1    12554    12552    -61    656  -1110
85       -3       -1       -4      2    12554    12562    -40    656  -1111
86       -4       -1       -5      3    12553    12553    -13    656  -1112
87       -2       -1       -3      1    12554    12552    -52    656  -1112
88       -3       -2       -5      1    12558    12556    -34    656  -1112
89       -2       -2       -4      0    12559    12560      2    655  -1112
90       -3       -2       -5      1    12553    12544    -33    655  -1112
91       -4       -1       -5      3    12560    12551    -37    655  -1113
92       -4        0       -4      4    12559    12545    -60    655  -1115
93       -2       -1       -3      1    12552    12561     44    654  -1115
94       -3       -2       -5      1    12544    12562     72    655  -1115
95       -2       -2       -4      0    12549    12569     67    656  -1115
96       -2       -2       -4      0    12554    12560     45    657  -1115
97       -4        0       -4      4    12554    12558     19    657  -1117
98       -4       -1       -5      3    12563    12564     -5    657  -1118
99       -2       -1       -3      1    12553    12554    -25    657  -1118
 0       -3       -2       -5      1    12556    12556    -25    657  -1118
 1       -2       -2       -4      0    12553    12550    -44    657  -1118
 2       -3       -2       -5      1    12546    12546      1    656  -1118
 3       -3       -1       -4      2    12557    12550      3    656  -1119
 4       -3       -1       -4      2    12549    12551     57    656  -1120
 5       -3       -1       -4      2    12558    12551     65    656  -1121
 6       -2       -3       -5     -1    12550    12548     44    656  -1121
 7       -2       -2       -4      0    12554    12545     45    656  -1121
 8       -2       -2       -4      0    12548    12551     -2    657  -1121
 9       -2       -2       -4      0    12549    12562     35    657  -1121
10       -4       -1       -5      3    12545    12561     58    657  -1122
11       -2       -1       -3      1    12555    12547     -3    658  -1122
12       -2       -3       -5     -1    12548    12538    -35    658  -1122
13       -2       -2       -4      0    12549    12548    -27    658  -1122
14       -2       -2       -4      0    12555    12562     17    658  -1122
15       -3       -2       -5      1    12552    12551     43    658  -1122
16       -3       -1       -4      2    12552    12560     14    659  -1123
17       -2       -2       -4      0    12563    12548    -11    659  -1123
18       -1       -2       -3     -1    12560    12540    -36    659  -1123
19       -2       -3       -5     -1    12554    12554      2    658  -1123
20       -1       -3       -4     -2    12566    12545    -56    658  -1122
21       -3       -2       -5      1    12555    12547    -30    657  -1122
22       -2       -1       -3      1    12554    12546    -48    657  -1122
23       -2       -2       -4      0    12556    12556    -37    657  -1122
24       -1       -3       -4     -2    12551    12559    -27    657  -1121
25       -2       -3       -5     -1    12544    12560     -4    657  -1121
26       -2       -2       -4      0    12550    12563     35    657  -1121
27       -2       -2       -4      0    12549    12562     75    657  -1121
28       -3       -2       -5      1    12554    12556     14    658  -1121
29       -1       -2       -3     -1    12561    12539    -40    658  -1121
30       -2       -3       -5     -1    12563    12548    -28    657  -1121
31       -1       -3       -4     -2    12560    12552     -5    657  -1120
32       -2       -2       -4      0    12557    12558     16    657  -1120
33       -3       -2       -5      1    12558    12546      4    657  -1120
34       -3       -1       -4      2    12564    12550    -28    657  -1121
35       -1       -3       -4     -2    12564    12554      3    656  -1120
36       -2       -2       -4      0    12555    12559     17    656  -1120
37       -1       -3       -4     -2    12556    12556     36    656  -1119
38       -2       -2       -4      0    12554    12554      6    657  -1119
39       -3       -1       -4      2    12553    12559     29    657  -1120
40       -2       -2       -4      0    12552    12548     47    657  -1120
41       -2       -3       -5     -1    12559    12555     40    657  -1120
42       -1       -3       -4     -2    12555    12544     56    657  -1119
43       -1       -3       -4     -2    12559    12557     47    657  -1118
44       -2       -2       -4      0    12556    12557     63    657  -1118
45       -3       -1       -4      2    12559    12554     66    657  -1119
46       -2       -2       -4      0    12556    12576     28    658  -1119
47       -1       -3       -4     -2    12560    12554     25    658  -1118
48       -1       -3       -4     -2    12559    12544      3    658  -1117
49       -2       -3       -5     -1    12556    12554     -2    658  -1117
50       -2       -2       -4      0    12562    12549    -40    658  -1117
51       -2       -2       -4      0    12555    12557    -67    658  -1117
52       -2       -3       -5     -1    12552    12552    -30    657  -1117
53       -1       -3       -4     -2    12562    12563    -55    657  -1116
54       -2       -2       -4      0    12556    12558    -71    657  -1116
55       -1       -3       -4     -2    12550    12561    -45    657  -1115
56       -3       -2       -5      1    12533    12565     30    657  -1115
57       -2       -1       -3      1    12546    12558     15    658  -1115
58       -2       -2       -4      0    12555    12555     52    658  -1115
59       -2       -3       -5     -1    12549    12561     75    658  -1115
60       -1       -3       -4     -2    12554    12563     -9    659  -1114
61       -2       -3       -5     -1    12554    12549    -10    659  -1114
62       -2       -1       -3      1    12566    12540    -22    659  -1114
63       -3       -2       -5      1    12560    12552    -24    659  -1114
64       -2       -3       -5     -1    12554    12557    -43    659  -1114
65       -2       -2       -4      0    12561    12560    -63    659  -1114
66       -1       -3       -4     -2    12560    12558     -2    658  -1113
67       -3       -2       -5      1    12555    12562    -24    658  -1113
68       -3       -1       -4      2    12556    12553    -24    658  -1114
69       -3       -1       -4      2    12555    12553    -51    658  -1115
70       -2       -3       -5     -1    12557    12551    -46    658  -1115
71       -2       -2       -4      0    12556    12558    -36    658  -1115
72       -2       -3       -5     -1    12549    12552    -68    658  -1115
73       -3       -1       -4      2    12552    12566     34    657  -1116
74       -3       -1       -4      2    12546    12556     15    658  -1117
75       -2       -2       -4      0    12553    12551     28    658  -1117
76       -2       -3       -5     -1    12556    12560     18    658  -1117
77       -2       -2       -4      0    12554    12552     33    658  -1117
78       -2       -2       -4      0    12550    12544     21    658  -1117
79       -3       -2       -5      1    12556    12552     -6    658  -1117
