66      -14       19        5     34    13347    13365     27   2859  -4095
67      -14       18        4     33    13373    13350    -58   2860  -4095
68      -14       19        5     32    13372    13336    -53   2860  -4095
69      -15       19        4     33    13356    13340     -8   2859  -4095
70      -14       18        4     33    13347    13361     22   2859  -4095
71      -15       19        4     33    13347    13360     -7   2858  -4095
72      -14       19        5     34    13331    13402     13   2859  -4095
73      -15       19        4     33    13355    13365     33   2859  -4095
74      -15       19        4     34    13361    13332    -31   2860  -4095
75      -14       19        5     33    13345    13372     -8   2860  -4095
76      -15       18        3     33    13345    13381     32   2860  -4095
77      -14       19        5     34    13382    13329      8   2860  -4095
78      -15       19        4     33    13361    13344     22   2861  -4095
79      -14       19        5     33    13363    13330     16   2862  -4095
80      -15       19        4     34    13386    13315    -77   2864  -4095
81      -14       18        4     32    13349    13350     22   2861  -4095
82      -14       19        5     34    13333    13386     46   2860  -4095
83      -15       19        4     33    13362    13351     20   2860  -4095
84      -14       18        4     32    13340    13381     -2   2860  -4095
85      -14       19        5     33    13369    13335     11   2860  -4095
86      -14       18        4     33    13345    13352     51   2860  -4095
87      -14       19        5     33    13389    13306    -52   2860  -4095
88      -14       19        5     32    13356    13343    -35   2860  -4095
89      -14       18        4     32    13358    13353    -44   2859  -4095
90      -14       18        4     32    13362    13335    -28   2859  -4095
91      -14       18        4     33    13364    13353    -17   2858  -4095
92      -14       19        5     32    13380    13305    -13   2858  -4095
93      -14       18        4     32    13357    13375    -30   2858  -4095
94      -13       18        5     32    13352    13368     23   2858  -4095
95      -14       18        4     32    13358    13355     15   2859  -4095
96      -14       19        5     32    13350    13363     39   2860  -4095
97      -14       18        4     32    13370    13329    -26   2860  -4095
98      -13       19        6     32    13368    13339    -34   2860  -4095
99      -14       18        4     32    13354    13365     59   2860  -4095
 0      -14       18        4     32    13346    13380      8   2861  -4095
 1      -14       18        4     32    13355    13349    -36   2861  -4095
 2      -13       18        5     32    13347    13371    -12   2860  -4095
 3      -14       18        4     31    13350    13364     27   2858  -4095
 4      -14       18        4     32    13347    13354     30   2859  -4095
 5      -13       18        5     33    13358    13351     -2   2860  -4095
 6      -14       19        5     31    13342    13368     22   2861  -4095
 7      -14       18        4     32    13373    13341    -44   2862  -4095
 8      -13       18        5     31    13362    13358      7   2860  -4095
 9      -14       18        4     32    13364    13340    -32   2860  -4095
10      -13       19        6     33    13348    13376     53   2860  -4095
11      -14       17        3     31    13364    13343    -37   2858  -4095
12      -14       18        4     32    13346    13351    -58   2858  -4095
13      -13       19        6     32    13342    13397     40   2859  -4095
14      -14       19        5     32    13364    13353     16   2860  -4095
15      -14       18        4     32    13361    13356    -41   2860  -4095
16      -14       19        5     33    13349    13353    -39   2860  -4095
17      -14       18        4     32    13354    13364      0   2860  -4095
18      -13       17        4     31    13355    13343    -52   2860  -4095
19      -14       18        4     32    13344    13359     25   2860  -4095
20      -14       19        5     32    13338    13370     19   2860  -4095
21      -13       18        5     31    13336    13377     39   2858  -4095
22      -14       18        4     32    13351    13368     19   2859  -4095
23      -14       18        4     32    13324    13382      4   2861  -4095
24      -13       18        5     32    13372    13331     26   2861  -4095
25      -14       19        5     32    13358    13355     14   2861  -4095
26      -13       18        5     31    13386    13322      1   2861  -4095
27      -14       18        4     32    13358    13355    -28   2861  -4095
28      -14       18        4     33    13386    13299    -42   2861  -4095
29      -14       19        5     32    13366    13331    -33   2860  -4095
30      -14       18        4     32    13341    13391     61   2859  -4095
31      -14       18        4     32    13360    13359     22   2859  -4095
32      -14       19        5     34    13335    13389     11   2859  -4095
33      -14       18        4     32    13366    13329     19   2858  -4095
34      -15       19        4     33    13350    13363    -28   2859  -4095
35      -14       18        4     33    13354    13377     37   2858  -4095
36      -14       19        5     32    13346    13358    -21   2859  -4095
37      -14       19        5     33    13361    13353     58   2859  -4095
38      -14       18        4     32    13360    13337    -25   2860  -4095
39      -14       19        5     34    13344    13375    -14   2860  -4095
40      -15       18        3     32    13353    13356     18   2859  -4095
41      -14       19        5     34    13341    13375      5   2859  -4095
42      -15       19        4     33    13338    13374     26   2860  -4095
43      -14       19        5     33    13375    13311    -73   2860  -4095
44      -14       19        5     34    13351    13359     11   2859  -4095
45      -15       19        4     33    13353    13361     30   2859  -4095
46      -14       18        4     33    13363    13343     27   2859  -4095
47      -15       19        4     33    13347    13362     40   2860  -4095
48      -14       19        5     33    13362    13341     16   2860  -4095
49      -15       19        4     34    13355    13355     14   2860  -4095
50      -14       19        5     33    13380    13327     -1   2860  -4095
51      -14       19        5     33    13356    13363    -55   2860  -4095
52      -14       19        5     33    13359    13350     -4   2860  -4095
53      -14       19        5     34    13354    13349     -5   2861  -4095
54      -15       19        4     33    13353    13345    -40   2862  -4095
55      -14       19        5     34    13357    13349    -37   2861  -4095
56      -15       18        3     34    13351    13361     -2   2860  -4095
57      -15       19        4     33    13365    13345    -41   2860  -4095
58      -15       20        5     34    13357    13349     20   2859  -4095
59      -14       19        5     34    13361    13340     35   2859  -4095
60      -15       19        4     33    13379    13342     30   2859  -4095
61      -15       19        4     34    13347    13356     20   2859  -4095
62      -15       19        4     34    13355    13367     11   2859  -4095
63      -15       19        4     34    13331    13370     18   2859  -4095
64      -14       19        5     34    13343    13365      9   2859  -4095
65      -15       19        4     34    13345    13385      9   2859  -4095
66      -15       19        4     34    13379    13343     -9   2860  -4095
67      -15       20        5     34    13349    13355     11   2860  -4095
68      -15       19        4     34    13327    13369     -2   2860  -4095
69      -14       18        4     34    13363    13340      6   2860  -4095
70      -15       20        5     33    13362    13337     37   2860  -4095
71      -15       19        4     34    13323    13391     -3   2860  -4095
72      -15       19        4     34    13377    13320    -55   2860  -4095
73      -15       20        5     35    13333    13394     64   2859  -4095
74      -14       19        5     33    13331    13390     35   2860  -4095
75      -15       19        4     34    13369    13347     41   2860  -4095
76      -15       19        4     35    13381    13323    -11   2860  -4095
77      -14       20        6     33    13343    13380      7   2861  -4095
78      -15       19        4     34    13379    13327    -26   2861  -4095
79      -14       19        5     33    13357    13358    -12   2861  -4095
80      -15       19        4     35    13365    13330    -27   2861  -4095
81      -14       19        5     33    13340    13378    -23   2860  -4095
82      -15       19        4     33    13327    13395     37   2859  -4095
83      -14       19        5     33    13357    13354    -46   2860  -4095
84      -14       19        5     33    13364    13337    -21   2861  -4095
85      -15       19        4     34    13330    13382     54   2860  -4095
86      -14       18        4     32    13372    13341      6   2860  -4095
87      -14       19        5     34    13369    13329    -55   2860  -4095
88      -15       19        4     33    13342    13371     39   2860  -4095
89      -14       18        4     32    13387    13314      7   2860  -4095
90      -14       19        5     33    13360    13377    -21   2860  -4095
91      -14       18        4     33    13389    13314    -11   2858  -4095
92      -15       18        3     33    13354    13371    -15   2860  -4095
93      -13       19        6     32    13364    13339      3   2860  -4095
94      -14       19        5     33    13345    13377    -17   2860  -4095
95      -14       19        5     33    13390    13331    -65   2861  -4095
96      -15       18        3     33    13369    13353     20   2859  -4095
97      -14       19        5     32    13374    13335     -4   2859  -4095
98      -14       19        5     34    13377    13325    -50   2858  -4095
99      -14       19        5     33    13363    13343    -53   2859  -4095
 0      -15       18        3     33    13379    13322    -25   2858  -4095
 1      -14       20        6     33    13354    13357     51   2858  -4095
 2      -14       19        5     33    13359    13343    -51   2860  -4095
 3      -15       19        4     34    13340    13380     41   2859  -4095
 4      -14       19        5     33    13350    13355     29   2860  -4095
 5      -15       18        3     34    13386    13325    -32   2859  -4095
 6      -14       19        5     32    13359    13337    -24   2859  -4095
 7      -15       19        4     34    13339    13359     54   2858  -4095
 8      -14       19        5     33    13358    13346    -42   2859  -4095
 9      -14       19        5     33    13364    13342    -15   2859  -4095
10      -15       19        4     34    13334    13377    -38   2859  -4095
11      -14       19        5     33    13364    13328      1   2858  -4095
12      -14       19        5     33    13380    13325     -2   2858  -4095
13      -14       18        4     32    13356    13368     54   2858  -4095
14      -14       18        4     33    13366    13344     31   2858  -4095
15      -14       18        4     31    13345    13386     -2   2858  -4095
16      -14       18        4     32    13344    13368     22   2858  -4095
17      -13       18        5     32    13356    13367     41   2858  -4095
18      -14       19        5     32    13348    13361    -37   2859  -4095
19      -13       18        5     31    13308    13420      9   2860  -4095
20      -14       18        4     33    13361    13340    -67   2858  -4095
21      -14       18        4     31    13348    13358     26   2857  -4095
22      -15       19        4     34    13335    13376     44   2857  -4095
23      -14       18        4     32    13338    13355     62   2858  -4095
24      -14       19        5     33    13340    13377     69   2858  -4095
25      -14       18        4     33    13346    13361     31   2859  -4095
26      -14       19        5     32    13346    13355    -54   2860  -4095
27      -14       18        4     33    13364    13329    -30   2860  -4095
28      -14       19        5     32    13352    13349    -58   2860  -4095
29      -14       18        4     33    13361    13350    -16   2859  -4095
30      -15       19        4     33    13348    13356     -3   2859  -4095
31      -14       18        4     32    13366    13351    -18   2858  -4095
32      -14       18        4     33    13361    13355     -4   2858  -4095
33      -14       19        5     32    13363    13372     38   2858  -4095
34      -13       18        5     32    13364    13347     13   2859  -4095
35      -14       19        5     32    13318    13403     30   2860  -4095
36      -14       17        3     32    13384    13310    -18   2858  -4095
37      -14       19        5     32    13380    13344     -2   2858  -4095
38      -14       18        4     32    13338    13374     17   2859  -4095
39      -14       19        5     33    13346    13391     43   2859  -4095
40      -14       18        4     32    13364    13349     20   2861  -4095
41      -14       19        5     33    13354    13369      6   2861  -4095
42      -14       19        5     33    13377    13342    -17   2860  -4095
43      -14       19        5     33    13367    13344    -31   2859  -4095
44      -14       19        5     34    13357    13358     32   2859  -4095
45      -15       19        4     33    13336    13396     74   2860  -4095
46      -14       19        5     33    13387    13313    -38   2859  -4095
47      -15       19        4     34    13345    13381     50   2859  -4095
48      -14       19        5     33    13323    13375     48   2860  -4095
49      -15       19        4     34    13322    13397     73   2860  -4095
50      -14       19        5     33    13384    13329    -16   2861  -4095
51      -15       19        4     35    13344    13366     34   2861  -4095
52      -14       19        5     32    13373    13343    -40   2860  -4095
53      -14       19        5     33    13368    13347    -48   2860  -4095
54      -14       19        5     34    13327    13396     23   2860  -4095
55      -15       18        3     32    13358    13350    -22   2861  -4095
56      -14       19        5     33    13357    13344    -32   2860  -4095
57      -15       18        3     33    13333    13389     39   2860  -4095
58      -14       19        5     34    13372    13318    -47   2859  -4095
59      -15       19        4     33    13335    13369      3   2860  -4095
60      -14       18        4     33    13332    13391     -2   2862  -4095
61      -15       19        4     33    13338    13361     37   2861  -4095
