75     -316      311       -5    627    12542    12551     14    662
76     -316      311       -5    627    12550    12540    -29    662
77     -316      311       -5    627    12542    12553    -48    662
78     -315      311       -4    626    12541    12549    -34    662
79     -316      311       -5    627    12548    12549    -14    662
80     -316      311       -5    627    12549    12543     -1    662
81     -316      311       -5    627    12546    12545     -5    662
82     -316      311       -5    627    12548    12539    -16    662
83     -316      312       -4    628    12544    12544    -25    662
84     -315      310       -5    625    12551    12549    -45    662
85     -316      311       -5    627    12548    12545    -49    662
86     -316      311       -5    627    12546    12541     -1    661
87     -316      311       -5    627    12543    12546     32    661
88     -316      311       -5    627    12542    12555     13    662
89     -315      312       -3    627    12539    12553      6    663
90     -317      311       -6    628    12536    12555     75    663
91     -315      311       -4    626    12555    12547    -11    664
92     -316      311       -5    627    12550    12545    -41    664
93     -316      311       -5    627    12548    12545    -75    664
94     -316      311       -5    627    12544    12549      5    663
95     -316      311       -5    627    12550    12541     -9    663
96     -316      311       -5    627    12542    12543      7    663
97     -316      311       -5    627    12546    12541     -7    663
98     -316      311       -5    627    12537    12551    -14    663
99     -316      311       -5    627    12544    12551      1    663
 0     -315      312       -3    627    12545    12550     14    663
 1     -316      310       -6    626    12547    12543    -18    663
 2     -316      311       -5    627    12547    12543    -63    663
 3     -317      312       -5    629    12542    12549    -61    663
 4     -315      311       -4    626    12544    12549    -50    663
 5     -316      310       -6    626    12544    12545    -34    663
 6     -316      311       -5    627    12544    12549    -19    663
 7     -316      311       -5    627    12541    12551      2    663
 8     -316      312       -4    628    12536    12549     10    663
 9     -316      311       -5    627    12542    12549     47    663
10     -316      312       -4    628    12544    12545      3    664
11     -316      311       -5    627    12544    12551     -4    664
12     -316      311       -5    627    12546    12541     -6    664
13     -316      311       -5    627    12545    12535     -1    664
14     -316      311       -5    627    12548    12543      1    664
15     -316      312       -4    628    12541    12551     29    664
16     -315      311       -4    626    12545    12546     52    664
17     -316      311       -5    627    12540    12548     71    664
18     -316      310       -6    626    12546    12549     75    664
19     -316      312       -4    628    12546    12543     50    664
20     -316      311       -5    627    12550    12539     -1    665
21     -317      311       -6    628    12554    12541    -23    664
22     -316      311       -5    627    12548    12537    -38    663
23     -316      311       -5    627    12547    12543    -65    663
24     -316      311       -5    627    12543    12545    -16    663
25     -315      311       -4    626    12544    12549     -3    663
26     -316      311       -5    627    12544    12547      4    663
27     -316      311       -5    627    12548    12551     -1    663
28     -315      312       -3    627    12543    12555     66    663
29     -317      311       -6    628    12543    12556     50    664
30     -316      311       -5    627    12547    12545     -1    664
31     -316      311       -5    627    12554    12543    -29    664
32     -316      311       -5    627    12553    12541    -55    663
33     -316      311       -5    627    12540    12545      7    662
34     -316      311       -5    627    12546    12545     14    662
35     -315      311       -4    626    12542    12549     -3    662
36     -316      311       -5    627    12550    12541    -51    662
37     -316      311       -5    627    12545    12545    -24    661
38     -316      311       -5    627    12548    12547    -54    661
39     -316      311       -5    627    12545    12553    -62    661
40     -315      311       -4    626    12537    12557      0    660
41     -316      311       -5    627    12539    12555     24    660
42     -315      311       -4    626    12533    12555     66    660
43     -315      311       -4    626    12539    12559     37    661
44     -316      311       -5    627    12537    12557     55    661
45     -316      311       -5    627    12540    12554     -5    662
46     -315      311       -4    626    12534    12553    -18    662
47     -316      311       -5    627    12543    12542      1    662
48     -316      312       -4    628    12554    12541    -36    662
49     -315      310       -5    625    12543    12540    -68    662
50     -316      311       -5    627    12544    12546    -15    661
51     -316      311       -5    627    12547    12538    -48    661
52     -316      311       -5    627    12540    12548    -59    661
53     -315      311       -4    626    12541    12551    -12    661
54     -316      311       -5    627    12538    12561     46    661
55     -315      311       -4    626    12537    12560     68    661
56     -315      311       -4    626    12542    12555     24    662
57     -316      311       -5    627    12543    12558     69    662
58     -315      311       -4    626    12547    12548    -12    663
59     -316      311       -5    627    12536    12550     21    663
60     -316      311       -5    627    12543    12550     50    663
61     -316      311       -5    627    12541    12551     63    663
62     -316      311       -5    627    12552    12543     27    664
63     -316      311       -5    627    12542    12536    -57    664
64     -315      311       -4    626    12546    12542    -46    663
65     -316      311       -5    627    12547    12548    -74    663
66     -316      311       -5    627    12539    12556     11    662
67     -315      311       -4    626    12541    12549      9    663
68     -316      311       -5    627    12538    12548     16    663
69     -316      311       -5    627    12551    12547    -29    663
70     -316      311       -5    627    12547    12546    -10    663
71     -316      311       -5    627    12553    12539     -3    662
72     -316      311       -5    627    12548    12542      1    661
73     -315      311       -4    626    12547    12548    -39    661
74     -316      311       -5    627    12547    12548    -74    661
75     -316      311       -5    627    12547    12552    -45    660
76     -315      311       -4    626    12539    12559     29    659
77     -316      311       -5    627    12539    12564      7    660
78     -315      311       -4    626    12533    12557     36    660
79     -315      311       -4    626    12541    12560      8    661
80     -316      311       -5    627    12539    12556     28    661
81     -315      311       -4    626    12543    12544    -24    661
82     -316      311       -5    627    12540    12548    -39    661
83     -316      311       -5    627    12540    12542     13    660
84     -315      311       -4    626    12540    12548    -19    660
85     -316      311       -5    627    12543    12556      9    659
86     -315      311       -4    626    12543    12555      1    660
87     -316      311       -5    627    12545    12558     50    660
88     -316      311       -5    627    12539    12557     68    660
89     -315      311       -4    626    12535    12555     -2    661
90     -316      311       -5    627    12546    12553      1    662
91     -316      311       -5    627    12540    12543     30    662
92     -315      311       -4    626    12542    12541     25    662
93     -316      312       -4    628    12544    12542     18    662
94     -316      310       -6    626    12546    12551     36    662
95     -316      312       -4    628    12542    12550    -32    663
96     -316      311       -5    627    12550    12551    -45    663
97     -317      312       -5    629    12546    12544     21    663
98     -316      312       -4    628    12546    12552     60    663
99     -317      312       -5    629    12546    12538     54    663
 0     -317      311       -6    628    12550    12545    -14    664
 1     -316      311       -5    627    12548    12547    -72    664
 2     -316      312       -4    628    12547    12553     43    663
 3     -316      311       -5    627    12548    12545     -1    664
 4     -316      311       -5    627    12544    12549    -39    664
 5     -316      311       -5    627    12548    12545    -56    664
 6     -316      311       -5    627    12544    12549    -42    664
 7     -316      311       -5    627    12542    12541    -44    664
 8     -316      311       -5    627    12551    12543    -75    664
 9     -316      311       -5    627    12544    12547     -8    663
10     -316      311       -5    627    12548    12545    -50    663
11     -316      311       -5    627    12548    12547    -14    662
12     -315      312       -3    627    12540    12550     20    662
13     -317      312       -5    629    12537    12552     -2    663
14     -317      312       -5    629    12536    12540     39    663
15     -316      311       -5    627    12544    12541     21    663
16     -316      311       -5    627    12542    12545     35    663
17     -316      311       -5    627    12544    12547     17    664
18     -316      311       -5    627    12546    12543     61    664
19     -316      311       -5    627    12544    12551     15    665
20     -316      311       -5    627    12550    12545     -3    666
21     -316      311       -5    627    12544    12541    -39    666
22     -316      311       -5    627    12547    12547      2    665
23     -316      312       -4    628    12544    12543    -24    665
24     -316      311       -5    627    12545    12549      6    665
25     -316      311       -5    627    12544    12549      8    665
26     -316      311       -5    627    12547    12551      7    665
27     -316      311       -5    627    12546    12542     -4    665
28     -316      311       -5    627    12552    12543    -13    664
29     -316      312       -4    628    12548    12540     -4    663
30     -315      310       -5    625    12545    12537    -65    663
31     -316      311       -5    627    12536    12545    -60    663
32     -316      312       -4    628    12534    12555     27    663
33     -316      312       -4    628    12537    12557     40    663
34     -316      312       -4    628    12534    12554     21    664
35     -315      310       -5    625    12539    12553     19    665
36     -316      311       -5    627    12534    12551     59    665
37     -315      311       -4    626    12545    12549     -7    666
38     -316      311       -5    627    12543    12549    -28    666
39     -316      311       -5    627    12545    12547    -23    666
40     -316      311       -5    627    12551    12543    -63    666
41     -316      311       -5    627    12545    12537    -61    665
42     -316      311       -5    627    12542    12539     17    664
43     -315      312       -3    627    12545    12542    -20    664
44     -316      310       -6    626    12540    12549    -40    664
45     -316      311       -5    627    12542    12555    -14    664
46     -315      311       -4    626    12536    12557     38    664
47     -315      311       -4    626    12537    12553     15    665
48     -316      311       -5    627    12539    12553     71    665
49     -316      311       -5    627    12534    12555      8    666
50     -315      311       -4    626    12541    12549     30    666
51     -316      311       -5    627    12551    12545     23    666
52     -316      311       -5    627    12550    12542    -54    666
53     -316      311       -5    627    12545    12553    -42    665
54     -316      311       -5    627    12544    12551    -52    665
55     -315      311       -4    626    12532    12553     62    664
56     -316      311       -5    627    12541    12558     25    665
57     -315      311       -4    626    12545    12542     29    665
58     -316      311       -5    627    12539    12552     72    665
59     -315      311       -4    626    12541    12539     -3    666
60     -316      311       -5    627    12545    12550     -6    666
61     -316      311       -5    627    12543    12554      9    666
62     -315      311       -4    626    12543    12549    -19    666
63     -316      311       -5    627    12543    12550    -33    666
64     -316      311       -5    627    12543    12552    -28    666
65     -316      311       -5    627    12545    12544    -13    665
66     -316      311       -5    627    12549    12544    -15    664
67     -315      311       -4    626    12547    12544    -40    664
68     -316      311       -5    627    12545    12560    -32    664
69     -316      311       -5    627    12545    12553    -14    664
70     -316      311       -5    627    12545    12552     55    664
71     -316      311       -5    627    12549    12539    -19    665
72     -316      311       -5    627    12545    12540     -9    664
73     -316      311       -5    627    12545    12546     -2    663
74     -316      311       -5    627    12547    12544    -65    663
75     -315      311       -4    626    12542    12551    -21    662
76     -316      311       -5    627    12545    12552    -40    662
77     -316      311       -5    627    12539    12554      9    661
78     -315      311       -4    626    12535    12554     66    661
79     -315      311       -4    626    12537    12559     43    662
80     -316      311       -5    627    12538    12556      9    663
81     -315      311       -4    626    12537    12548    -18    663
82     -316      311       -5    627    12542    12560     -3    663
83     -316      311       -5    627    12541    12554    -41    663
84     -315      311       -4    626    12537    12553      9    662
85     -316      311       -5    627    12541    12558     52    662
86     -316      311       -5    627    12545    12552     27    662
87     -315      311       -4    626    12543    12552     34    663
88     -316      311       -5    627    12545    12548     -9    664
89     -316      311       -5    627    12545    12549     48    664
90     -316      311       -5    627    12545    12553     66    664
91     -316      311       -5    627    12547    12548     -6    665
92     -316      311       -5    627    12548    12548    -17    665
93     -316      311       -5    627    12555    12536    -51    665
94     -317      311       -6    628    12550    12538    -39    664
95     -316      311       -5    627    12550    12546    -41    663
96     -316      311       -5    627    12544    12546    -27    662
97     -316      311       -5    627    12546    12548     -9    661
98     -315      311       -4    626    12551    12541    -69    661
99     -316      311       -5    627    12542    12545     14    660
 0     -316      311       -5    627    12547    12547    -20    660
 1     -315      311       -4    626    12547    12552    -46    660
 2     -316      311       -5    627    12541    12549     14    659
 3     -316      311       -5    627    12538    12552     50    659
 4     -315      311       -4    626    12539    12551     48    659
 5     -316      311       -5    627    12541    12551    -29    660
 6     -316      311       -5    627    12546    12548    -43    660
 7     -315      311       -4    626    12541    12548     -1    659
 8     -316      311       -5    627    12541    12552      6    659
 9     -315      311       -4    626    12539    12553     -1    659
10     -316      311       -5    627    12542    12560     15    659
11     -315      311       -4    626    12537    12559     51    659
12     -316      311       -5    627    12540    12550      7    660
13     -315      311       -4    626    12542    12546      5    660
14     -316      311       -5    627    12539    12546     -8    660
15     -315      311       -4    626    12547    12542    -72    660
16     -316      311       -5    627    12535    12548     -2    659
17     -315      311       -4    626    12535    12546    -29    659
18     -315      311       -4    626    12531    12564     12    659
19     -316      311       -5    627    12531    12560     39    660
20     -315      311       -4    626    12539    12549     17    662
21     -316      311       -5    627    12543    12551     -2    663
22     -316      311       -5    627    12544    12554     43    663
