74        2        3        5      2    13340    13333    -15   1464  -1102
75        1        4        5      5    13350    13327    -26   1464  -1104
76        0        4        4      2    13344    13334    -74   1464  -1105
77        2        3        5     -1    13335    13336      7   1463  -1105
78        2        3        5      4    13345    13326    -25   1463  -1107
79        1        3        4      3    13354    13341    -49   1463  -1108
80        2        3        5     -1    13348    13337    -51   1463  -1108
81        2        2        4      1    13345    13359    -57   1463  -1108
82        1        4        5      3    13348    13361    -11   1462  -1109
83        2        3        5     -1    13351    13339    -40   1462  -1109
84        3        1        4     -1    13342    13336    -15   1461  -1109
85        2        3        5      3    13332    13350     -2   1461  -1110
86        1        4        5      1    13327    13341     13   1461  -1110
87        3        1        4     -2    13338    13356     75   1461  -1109
88        2        3        5      3    13335    13344     58   1462  -1110
89        1        4        5      1    13355    13344     -5   1463  -1110
90        3        2        5     -1    13344    13341    -24   1463  -1110
91        2        2        4      2    13343    13339    -37   1463  -1111
92        1        4        5      1    13347    13349    -35   1463  -1111
93        3        2        5     -1    13347    13345    -62   1463  -1111
94        3        2        5      1    13352    13343     -5   1462  -1111
95        1        4        5      2    13347    13328    -16   1462  -1112
96        2        3        5     -1    13345    13339    -32   1462  -1112
97        3        1        4      1    13342    13345    -30   1462  -1112
98        1        4        5      3    13334    13364      0   1462  -1113
99        1        3        4      0    13346    13356     33   1462  -1113
 0        3        2        5     -1    13347    13333     11   1462  -1113
 1        2        3        5      3    13347    13348      5   1462  -1114
 2        1        4        5      2    13347    13344     14   1462  -1115
 3        2        2        4     -1    13330    13325     15   1462  -1115
 4        2        3        5      3    13333    13362     78   1462  -1116
 5        1        4        5      2    13354    13344    -35   1463  -1117
 6        2        2        4     -1    13348    13355    -47   1463  -1117
 7        3        3        6      1    13342    13332    -15   1462  -1117
 8        0        3        3      3    13348    13340    -32   1462  -1118
 9        1        4        5      0    13348    13359     29   1461  -1118
10        3        2        5      1    13342    13347     53   1461  -1118
11        1        4        5      4    13339    13329    -35   1462  -1120
12        0        3        3      1    13343    13352    -27   1462  -1120
13        3        2        5      0    13342    13332    -28   1462  -1120
14        2        3        5      3    13346    13336    -15   1462  -1121
15        1        4        5      1    13338    13363      0   1462  -1121
16        2        2        4     -1    13352    13357    -37   1462  -1121
17        3        2        5      2    13345    13334    -12   1461  -1122
18        1        3        4      1    13351    13336    -67   1461  -1122
19        3        2        5     -2    13341    13350      0   1460  -1121
20        3        2        5      1    13333    13336     50   1460  -1121
21        1        3        4      1    13339    13348      2   1461  -1121
22        3        3        6     -2    13334    13357     53   1461  -1120
23        3        1        4      1    13332    13336      4   1462  -1120
24        1        3        4      1    13352    13337     25   1462  -1120
25        2        3        5     -2    13346    13341     20   1462  -1119
26        4        1        5      0    13341    13351     32   1462  -1119
27        2        3        5      1    13338    13339     43   1462  -1119
28        1        3        4     -1    13336    13337     -4   1463  -1119
29        4        1        5     -1    13353    13344    -45   1463  -1119
30        2        2        4      1    13339    13331     -9   1462  -1119
31        2        3        5      0    13340    13334    -44   1462  -1119
32        4        1        5     -3    13341    13346    -57   1462  -1118
33        2        2        4      1    13347    13341    -62   1462  -1118
34        2        3        5      1    13333    13352     49   1461  -1118
35        3        2        5     -2    13331    13345     73   1461  -1117
36        3        2        5      1    13341    13352     -6   1462  -1117
37        1        3        4      2    13353    13329    -19   1462  -1118
38        2        2        4     -3    13349    13343      1   1462  -1117
39        4        2        6     -1    13341    13348     23   1462  -1117
40        2        3        5      2    13347    13351     26   1462  -1118
41        2        2        4     -2    13350    13337    -37   1462  -1117
42        4        1        5     -2    13353    13338    -72   1462  -1116
43        2        3        5      3    13339    13355     43   1461  -1117
44        1        3        4      0    13350    13355     -3   1462  -1117
45        3        2        5     -1    13353    13344    -46   1462  -1117
46        2        2        4      2    13338    13352     -8   1462  -1118
47        2        4        6      0    13338    13357     25   1462  -1118
48        3        1        4     -2    13349    13352     63   1462  -1117
49        2        2        4      1    13344    13340     50   1462  -1117
50        2        4        6      1    13338    13353     68   1462  -1117
51        3        1        4     -2    13354    13343     63   1462  -1116
52        3        2        5      1    13354    13341     18   1462  -1116
53        1        4        5      2    13350    13338    -32   1462  -1117
54        2        2        4     -2    13348    13336    -67   1462  -1116
55        3        2        5      0    13344    13357     24   1461  -1116
56        1        3        4      3    13340    13334     49   1461  -1117
57        2        3        5     -1    13350    13343     48   1461  -1117
58        3        2        5      1    13348    13338     58   1461  -1117
59        1        3        4      3    13338    13357     32   1461  -1118
60        2        3        5     -1    13340    13351     46   1461  -1118
61        3        2        5      0    13343    13352     30   1461  -1118
62        1        3        4      3    13343    13338     15   1461  -1119
63        2        3        5     -1    13342    13337    -18   1461  -1119
64        3        2        5     -1    13346    13350    -19   1461  -1119
65        2        3        5      2    13346    13349    -18   1461  -1120
66        1        3        4      1    13338    13366     -3   1461  -1120
67        3        2        5     -1    13340    13339      7   1461  -1120
68        2        2        4      2    13347    13346     22   1461  -1121
69        1        4        5      1    13331    13356     24   1461  -1121
70        3        2        5     -1    13340    13335     40   1461  -1121
71        2        2        4      1    13349    13358     64   1461  -1121
72        2        3        5      2    13342    13359     -2   1462  -1122
73        3        2        5     -3    13340    13353    -30   1462  -1121
74        2        2        4      1    13342    13343    -73   1462  -1121
75        1        4        5      2    13337    13334      9   1461  -1122
76        3        2        5     -3    13343    13334    -16   1461  -1121
77        3        1        4      2    13347    13340    -32   1461  -1122
78        2        4        6      1    13335    13346    -15   1461  -1122
79        2        2        4     -3    13342    13357      3   1461  -1121
80        4        1        5      0    13346    13338    -12   1461  -1121
81        2        2        4      1    13354    13345    -24   1461  -1121
82        2        3        5     -3    13346    13351    -25   1461  -1120
83        4        1        5      0    13339    13356      1   1461  -1120
84        2        3        5      1    13336    13351     53   1461  -1120
85        2        2        4     -1    13338    13345     20   1462  -1120
86        4        1        5     -1    13349    13336      3   1462  -1120
87        2        3        5      1    13346    13340    -34   1462  -1120
88        2        3        5     -2    13333    13337    -52   1462  -1119
89        4        0        4     -1    13331    13356     30   1461  -1119
90        2        3        5      1    13343    13349     18   1461  -1119
91        1        3        4     -1    13338    13345      5   1461  -1119
92        4        1        5     -2    13345    13338     -6   1461  -1118
93        2        2        4      2    13350    13350    -15   1461  -1119
94        2        3        5     -1    13339    13341      4   1461  -1119
95        4        1        5     -3    13344    13351     27   1461  -1118
96        3        2        5      0    13346    13341     20   1461  -1118
97        2        3        5      0    13337    13337     35   1461  -1118
98        4        0        4     -4    13332    13348     69   1461  -1116
99        2        2        4      1    13340    13356     57   1461  -1116
 0        2        3        5      1    13332    13347     24   1462  -1116
 1        3        2        5     -2    13337    13360     66   1462  -1115
 2        3        2        5      1    13331    13356     42   1463  -1115
 3        1        3        4      0    13338    13344     59   1463  -1115
 4        3        1        4     -3    13349    13336    -28   1464  -1114
 5        3        2        5      2    13336    13345    -52   1464  -1115
 6        2        3        5      0    13351    13340    -49   1464  -1115
 7        2        2        4     -3    13347    13331      8   1463  -1114
 8        3        2        5      2    13356    13321    -69   1463  -1115
 9        2        3        5      1    13345    13342    -54   1462  -1115
10        2        2        4     -3    13341    13343    -49   1462  -1114
11        4        2        6      1    13343    13351    -64   1462  -1114
12        1        3        4      1    13342    13360      7   1461  -1114
13        3        2        5     -2    13335    13352     63   1461  -1113
14        3        1        4      1    13337    13341     26   1462  -1113
15        1        4        5      1    13344    13342     53   1462  -1113
16        3        2        5     -1    13348    13338     62   1462  -1113
17        3        1        4     -1    13342    13354     51   1462  -1113
18        2        3        5      2    13341    13354      0   1463  -1114
19        3        2        5     -4    13340    13334    -52   1463  -1112
20        3        1        4     -1    13340    13352     11   1462  -1112
21        2        3        5      2    13349    13340     39   1462  -1113
22        3        2        5     -3    13343    13346     72   1462  -1112
23        3        1        4     -1    13339    13335     54   1462  -1112
24        2        3        5      2    13340    13352     50   1462  -1113
25        2        2        4     -2    13355    13345     11   1462  -1112
26        4        1        5     -1    13350    13344    -69   1462  -1112
27        2        3        5      2    13345    13357     17   1461  -1113
28        2        3        5     -2    13351    13340     11   1461  -1112
29        3        1        4      0    13345    13352     14   1461  -1112
30        2        3        5      2    13342    13335     -8   1461  -1113
31        2        3        5     -1    13352    13337     -5   1461  -1113
32        4        1        5     -2    13349    13334    -36   1461  -1112
33        1        3        4      2    13346    13354    -30   1461  -1113
34        2        3        5     -1    13352    13349    -68   1461  -1113
35        4        1        5      0    13350    13358    -27   1461  -1113
36        1        3        4      2    13334    13331      0   1461  -1114
37        2        3        5     -1    13337    13354     32   1461  -1114
38        4        1        5     -1    13345    13349     45   1461  -1114
39        1        3        4      1    13347    13327      1   1461  -1114
40        2        3        5      0    13343    13326    -54   1461  -1114
41        4        1        5     -1    13339    13338     -6   1460  -1114
42        1        4        5      1    13345    13351     34   1460  -1114
43        2        3        5     -1    13347    13350     -6   1461  -1114
44        4        0        4     -1    13343    13357     15   1461  -1114
45        2        3        5      2    13337    13356     75   1461  -1115
46        2        3        5     -1    13344    13326    -10   1462  -1115
47        3        1        4     -1    13338    13339    -32   1462  -1115
48        2        3        5      2    13347    13341      7   1461  -1116
49        2        3        5     -1    13339    13346     -7   1461  -1116
50        4        1        5     -2    13348    13346     -3   1461  -1115
51        1        3        4      3    13345    13341     -5   1461  -1116
52        2        3        5     -1    13341    13352     12   1461  -1116
53        3        1        4     -1    13341    13342     45   1461  -1116
54        2        4        6      2    13346    13355      7   1462  -1117
