64        3        1        4     -1    13343    13341     -6   1465  -1782
65        4        2        6     -2    13345    13352     20   1465  -1781
66        3        1        4     -3    13331    13353     71   1465  -1780
67        3        2        5     -1    13344    13344      4   1466  -1780
68        3        2        5     -1    13336    13341      4   1466  -1780
69        3        1        4     -2    13347    13336    -60   1466  -1779
70        3        2        5     -1    13349    13336    -37   1465  -1779
71        3        2        5     -1    13337    13338    -10   1464  -1779
72        3        2        5      0    13340    13341    -39   1464  -1779
73        2        2        4     -1    13350    13340    -13   1463  -1779
74        3        2        5      0    13338    13349     -6   1463  -1779
75        2        2        4     -1    13340    13348     54   1463  -1779
76        3        2        5      0    13348    13341    -11   1464  -1779
77        2        2        4     -1    13345    13335      2   1463  -1779
78        3        2        5     -1    13359    13332    -58   1463  -1779
79        3        2        5     -1    13346    13340    -43   1462  -1779
80        3        2        5      0    13345    13346    -20   1462  -1779
81        2        2        4     -1    13334    13344      6   1462  -1779
82        3        2        5     -1    13349    13342      2   1462  -1779
83        3        1        4     -1    13353    13342    -20   1462  -1779
84        3        2        5     -1    13347    13338    -58   1462  -1779
85        3        2        5     -2    13343    13346      6   1461  -1778
86        3        2        5     -1    13338    13346     10   1461  -1778
87        3        2        5     -1    13345    13347     10   1461  -1778
88        3        2        5      0    13344    13342     26   1461  -1778
89        3        2        5     -1    13336    13346     44   1461  -1778
90        3        2        5     -1    13339    13346     -1   1462  -1778
91        3        1        4     -2    13353    13344     20   1462  -1777
92        3        2        5      0    13339    13345     12   1462  -1777
93        2        2        4     -2    13335    13342     35   1462  -1776
94        3        2        5      0    13333    13354     -2   1463  -1776
95        2        2        4      0    13336    13351     57   1463  -1776
96        3        2        5     -1    13338    13338     -3   1464  -1776
97        2        3        5      0    13349    13335    -48   1464  -1776
98        3        2        5     -1    13350    13342    -12   1463  -1776
99        3        2        5      0    13361    13336    -65   1463  -1776
 0        2        2        4     -1    13337    13352      7   1462  -1776
 1        3        2        5     -1    13333    13352     59   1462  -1776
 2        3        2        5      0    13340    13350     13   1463  -1776
 3        2        2        4     -1    13334    13348     58   1463  -1776
 4        3        2        5      0    13344    13340    -12   1464  -1776
 5        2        2        4     -1    13346    13344    -39   1464  -1776
 6        3        2        5      0    13341    13343      1   1463  -1776
 7        3        2        5      0    13334    13346      8   1463  -1776
 8        2        2        4     -1    13348    13338     -4   1463  -1776
 9        3        2        5     -1    13335    13348    -11   1462  -1776
10        3        2        5     -2    13347    13342    -38   1462  -1775
11        3        2        5     -1    13343    13348    -46   1462  -1775
12        3        1        4     -2    13339    13352    -12   1462  -1774
13        3        2        5     -1    13341    13346      1   1462  -1774
14        3        2        5     -1    13353    13334    -12   1462  -1774
15        3        2        5     -1    13343    13342    -26   1462  -1774
16        3        2        5     -1    13344    13342    -18   1462  -1774
17        3        2        5     -1    13345    13348      9   1462  -1774
18        3        1        4      0    13335    13344     46   1462  -1774
19        2        2        4     -2    13343    13342     24   1462  -1773
20        3        2        5     -1    13350    13346     11   1462  -1773
21        3        2        5     -1    13340    13350     27   1462  -1773
22        2        2        4      0    13336    13348     53   1462  -1773
23        3        2        5     -1    13344    13346     74   1462  -1773
24        3        2        5      0    13342    13345      1   1463  -1773
25        2        2        4     -1    13340    13350     33   1463  -1773
26        3        2        5      0    13347    13348     46   1463  -1773
27        2        3        5      0    13342    13345     59   1463  -1773
28        2        2        4      1    13337    13343     74   1463  -1773
29        2        3        5      0    13344    13335    -59   1464  -1773
30        3        2        5      0    13344    13345    -51   1464  -1773
31        2        2        4      0    13348    13341    -74   1464  -1773
32        2        3        5      0    13342    13347     33   1463  -1773
33        2        2        4      1    13341    13343     69   1463  -1773
34        2        3        5      0    13350    13341    -12   1464  -1773
35        2        3        5      1    13344    13343    -13   1464  -1773
36        2        3        5      1    13348    13338    -36   1464  -1773
37        2        2        4      1    13338    13341    -44   1464  -1773
38        2        3        5      1    13339    13349     -6   1464  -1773
39        2        3        5      0    13346    13347     -2   1464  -1773
40        2        3        5      2    13345    13347     -8   1464  -1774
41        2        3        5      1    13337    13340     -5   1464  -1774
42        2        2        4     -1    13342    13343    -13   1464  -1774
43        2        3        5      1    13350    13341    -40   1464  -1774
44        2        3        5      1    13346    13343    -44   1464  -1774
45        2        2        4      0    13348    13347    -55   1464  -1774
46        2        3        5      1    13342    13345    -60   1464  -1774
47        2        2        4      1    13335    13349    -20   1464  -1774
48        2        3        5      0    13330    13352     55   1464  -1774
49        2        3        5      1    13336    13349     25   1465  -1774
50        2        2        4      0    13340    13345     38   1465  -1774
51        3        3        6      1    13336    13344     38   1465  -1774
52        2        2        4     -1    13348    13340     -5   1465  -1774
53        3        2        5      0    13353    13334    -54   1465  -1774
54        2        3        5      0    13342    13344     -4   1464  -1774
55        2        2        4      0    13345    13339    -15   1464  -1774
56        3        2        5      1    13348    13343    -18   1464  -1774
57        2        3        5     -1    13346    13339    -30   1464  -1774
58        2        2        4      0    13350    13337    -40   1464  -1774
59        2        3        5      1    13335    13351     20   1463  -1774
60        2        2        4      0    13339    13341     54   1463  -1774
61        3        3        6      1    13339    13340     -3   1464  -1774
62        1        2        3      0    13339    13344     12   1464  -1774
63        3        2        5      1    13338    13347     38   1464  -1774
64        2        3        5     -1    13346    13345     59   1464  -1774
65        2        3        5      1    13336    13347     13   1465  -1774
66        2        2        4      0    13346    13345     20   1465  -1774
67        3        3        6      0    13338    13345     42   1465  -1774
68        2        2        4      0    13348    13338     32   1465  -1774
69        3        2        5      1    13340    13345      0   1465  -1774
70        2        3        5     -1    13346    13340    -24   1465  -1774
71        2        2        4      0    13340    13343    -29   1465  -1774
72        2        3        5      1    13342    13347    -35   1465  -1774
73        3        2        5      0    13350    13339    -51   1465  -1774
74        2        2        4      0    13344    13349      5   1464  -1774
75        2        3        5      0    13342    13341      4   1464  -1774
76        2        2        4      1    13345    13345      6   1464  -1774
77        2        3        5      0    13344    13349     25   1464  -1774
78        3        2        5      1    13337    13348     64   1464  -1774
79        2        3        5      0    13336    13347     78   1464  -1774
80        2        2        4      0    13348    13342    -18   1465  -1774
81        2        3        5      0    13344    13336    -54   1465  -1774
82        2        3        5      1    13346    13341      6   1464  -1774
83        2        2        4      0    13346    13345     18   1464  -1774
84        2        2        4      1    13350    13339     17   1464  -1774
85        3        2        5     -1    13350    13342      1   1464  -1774
86        3        3        6      0    13348    13341     -9   1464  -1774
87        2        2        4     -1    13342    13346    -10   1464  -1774
88        3        2        5     -1    13335    13344     -9   1464  -1774
89        3        2        5      0    13350    13333    -23   1464  -1774
90        2        1        3     -1    13346    13332    -50   1464  -1774
91        3        2        5     -1    13342    13345     -1   1463  -1774
92        3        2        5     -1    13338    13342     14   1463  -1774
93        2        2        4     -1    13338    13359     73   1463  -1774
94        3        2        5     -1    13344    13341     14   1464  -1774
95        3        2        5      0    13346    13343     13   1464  -1774
96        2        2        4     -1    13336    13338     20   1464  -1774
97        3        2        5      0    13350    13343      5   1464  -1774
98        3        2        5      0    13349    13341    -10   1464  -1774
99        2        2        4     -1    13346    13346      2   1463  -1774
 0        3        3        6      0    13344    13347      2   1463  -1774
 1        2        2        4      0    13334    13347      5   1463  -1774
 2        2        3        5      0    13340    13342      5   1463  -1774
 3        2        3        5      1    13346    13343     27   1463  -1774
 4        3        2        5      0    13344    13341     29   1463  -1774
 5        2        3        5      1    13337    13352     49   1463  -1774
 6        2        2        4      0    13344    13349     74   1463  -1774
 7        2        3        5      0    13344    13345      0   1464  -1774
 8        3        2        5      0    13342    13345      5   1464  -1774
 9        2        3        5      0    13338    13343    -21   1464  -1774
10        3        2        5      0    13346    13347    -15   1464  -1774
11        2        2        4      0    13338    13345     11   1464  -1774
12        2        3        5      0    13340    13343      0   1464  -1774
13        2        2        4      0    13342    13347      8   1464  -1774
14        3        2        5      0    13340    13345     40   1464  -1774
15        2        2        4      0    13344    13340     45   1464  -1774
16        3        2        5     -1    13344    13341     34   1464  -1774
17        3        2        5     -1    13338    13347     57   1464  -1774
18        3        2        5     -1    13340    13347      3   1465  -1774
19        2        2        4     -1    13340    13341    -38   1465  -1774
20        3        2        5     -1    13350    13335      4   1464  -1774
21        3        2        5     -1    13347    13340    -13   1464  -1774
22        3        1        4     -1    13343    13341    -14   1464  -1774
23        3        2        5     -2    13343    13344     10   1464  -1773
24        3        2        5     -1    13335    13350     37   1464  -1773
25        3        2        5      0    13350    13343     34   1464  -1773
26        3        2        5     -1    13349    13348     21   1464  -1773
27        2        2        4     -1    13338    13342     16   1464  -1773
28        3        2        5     -1    13351    13344      3   1464  -1773
29        3        2        5     -1    13346    13340    -52   1464  -1773
30        2        2        4      0    13346    13346      1   1463  -1773
31        3        2        5     -1    13341    13345     12   1463  -1773
32        3        2        5     -1    13341    13343      3   1463  -1773
33        3        2        5      0    13339    13345     19   1463  -1773
34        2        2        4     -1    13337    13354     39   1463  -1773
35        3        2        5     -1    13334    13346     -3   1464  -1773
36        3        2        5     -1    13353    13342    -17   1464  -1773
37        3        2        5      0    13345    13338    -24   1464  -1773
38        3        2        5     -1    13338    13346    -11   1464  -1773
39        2        2        4     -1    13340    13344      9   1464  -1773
40        3        2        5     -1    13341    13342     11   1464  -1773
41        2        2        4      0    13340    13344     16   1464  -1773
42        3        2        5     -1    13348    13340      4   1464  -1773
43        3        2        5      0    13343    13347     -8   1464  -1773
44        2        2        4     -1    13344    13340     -7   1464  -1773
45        3        2        5     -1    13342    13343    -22   1464  -1773
46        3        2        5      0    13339    13344     -7   1464  -1773
47        2        2        4      0    13342    13337    -22   1464  -1773
48        3        2        5     -1    13338    13345    -15   1464  -1773
49        2        2        4      0    13336    13351     -8   1464  -1773
50        3        2        5     -1    13340    13350     69   1464  -1773
51        2        3        5      0    13342    13347     22   1465  -1773
52        3        2        5     -1    13343    13344     17   1465  -1773
53        3        2        5     -1    13339    13345     -3   1465  -1773
54        2        2        4      0    13346    13340    -37   1465  -1773
55        3        2        5     -1    13351    13338    -50   1465  -1773
