21       -8        4       -4     12    12541    12561     17    651  -2444
22       -8        4       -4     12    12553    12551     43    651  -2451
23       -7        3       -4     10    12551    12564      6    652  -2456
24       -7        3       -4     10    12552    12557     30    652  -2461
25       -7        2       -5      9    12546    12550     51    652  -2466
26       -6        2       -4      8    12554    12548     34    652  -2470
27       -6        2       -4      8    12554    12553     10    652  -2474
28       -5        1       -4      6    12549    12547    -15    652  -2477
29       -6        1       -5      7    12557    12557    -38    652  -2481
30       -5        1       -4      6    12552    12541    -41    652  -2484
31       -5        1       -4      6    12558    12544     -7    651  -2487
32       -4        0       -4      4    12552    12542    -55    651  -2489
33       -5        0       -5      5    12556    12556    -69    651  -2491
34       -4        0       -4      4    12551    12556    -45    651  -2493
35       -4        0       -4      4    12546    12553    -32    651  -2495
36       -3       -1       -4      2    12549    12557    -11    651  -2496
37       -4        0       -4      4    12548    12553      8    651  -2498
38       -4       -1       -5      3    12551    12555     -7    651  -2499
39       -3        0       -3      3    12549    12551      1    651  -2500
40       -4       -1       -5      3    12555    12558     -1    651  -2501
41       -3       -1       -4      2    12546    12557     32    651  -2502
42       -3       -1       -4      2    12559    12553     52    651  -2503
43       -3       -1       -4      2    12551    12551     56    651  -2504
44       -3       -1       -4      2    12557    12547     31    651  -2505
45       -4       -1       -5      3    12564    12545    -16    651  -2506
46       -3       -1       -4      2    12547    12543    -48    651  -2507
47       -3       -1       -4      2    12559    12551     -1    650  -2508
48       -3       -1       -4      2    12550    12556      8    650  -2509
49       -4       -2       -6      2    12547    12555     26    650  -2510
50       -3       -1       -4      2    12545    12555     61    650  -2511
51       -3       -1       -4      2    12543    12558     27    651  -2512
52       -2       -2       -4      0    12550    12548     47    651  -2512
53       -3       -1       -4      2    12547    12550     53    651  -2513
54       -3       -2       -5      1    12554    12548     54    651  -2513
55       -3       -2       -5      1    12549    12552     64    651  -2513
56       -2       -1       -3      1    12552    12550     -9    652  -2513
57       -3       -2       -5      1    12548    12552      2    652  -2513
58       -2       -2       -4      0    12542    12559     26    652  -2513
59       -3       -1       -4      2    12552    12550     30    652  -2514
60       -2       -2       -4      0    12552    12550      8    652  -2514
61       -3       -2       -5      1    12556    12555     -6    652  -2514
62       -2       -2       -4      0    12554    12549     -1    652  -2514
63       -2       -2       -4      0    12558    12545    -20    652  -2514
64       -3       -2       -5      1    12556    12552    -28    652  -2514
65       -2       -2       -4      0    12558    12546    -51    652  -2514
66       -2       -2       -4      0    12552    12552    -58    652  -2514
67       -3       -2       -5      1    12546    12556    -48    652  -2514
68       -2       -2       -4      0    12558    12550     -2    651  -2514
69       -3       -2       -5      1    12546    12550      9    651  -2514
70       -2       -2       -4      0    12548    12556     36    651  -2514
71       -3       -2       -5      1    12548    12558     76    651  -2514
72       -2       -1       -3      1    12546    12552      7    652  -2514
73       -2       -3       -5     -1    12554    12553     23    652  -2514
74       -2       -2       -4      0    12556    12551     23    652  -2514
75       -3       -2       -5      1    12544    12548     26    652  -2514
76       -2       -2       -4      0    12554    12548     -2    652  -2514
77       -2       -3       -5     -1    12552    12545    -42    652  -2514
78       -2       -2       -4      0    12555    12548    -76    652  -2514
79       -3       -1       -4      2    12548    12550      1    651  -2515
80       -2       -2       -4      0    12548    12558     15    651  -2515
81       -2       -2       -4      0    12550    12548     18    651  -2515
82       -3       -2       -5      1    12552    12555     10    651  -2515
83       -2       -2       -4      0    12540    12565     75    651  -2515
84       -2       -2       -4      0    12548    12550      7    652  -2515
85       -3       -1       -4      2    12551    12548     -8    652  -2516
86       -2       -2       -4      0    12550    12558     -8    652  -2516
87       -3       -1       -4      2    12550    12556      2    652  -2517
88       -3       -2       -5      1    12550    12558     35    652  -2517
89       -2       -1       -3      1    12551    12564     68    652  -2517
90       -3       -2       -5      1    12554    12554      4    653  -2517
91       -2       -2       -4      0    12552    12552     -3    653  -2517
92       -3       -1       -4      2    12552    12542    -20    653  -2518
93       -3       -2       -5      1    12554    12556     -8    653  -2518
94       -2       -1       -3      1    12550    12555      8    653  -2518
95       -3       -2       -5      1    12556    12557     20    653  -2518
96       -2       -1       -3      1    12550    12548     17    653  -2518
97       -3       -2       -5      1    12556    12542    -20    653  -2518
98       -2       -2       -4      0    12552    12552    -57    653  -2518
99       -2       -2       -4      0    12545    12558    -18    653  -2518
 0       -3       -1       -4      2    12552    12551     10    653  -2519
 1       -2       -2       -4      0    12550    12546     -1    653  -2519
 2       -3       -2       -5      1    12550    12544    -13    653  -2519
 3       -2       -2       -4      0    12551    12548    -13    653  -2519
 4       -2       -2       -4      0    12551    12544    -35    653  -2519
 5       -2       -3       -5     -1    12548    12549    -61    653  -2519
 6       -3       -2       -5      1    12545    12550      9    652  -2519
 7       -2       -2       -4      0    12550    12546     18    652  -2519
 8       -2       -2       -4      0    12548    12554     20    652  -2519
 9       -2       -2       -4      0    12546    12555     57    652  -2519
10       -2       -2       -4      0    12546    12552     76    652  -2519
11       -2       -3       -5     -1    12550    12551     -5    653  -2519
12       -3       -2       -5      1    12556    12549      9    653  -2519
13       -2       -2       -4      0    12552    12551      2    653  -2519
14       -2       -2       -4      0    12552    12545    -15    653  -2519
15       -2       -3       -5     -1    12554    12554    -39    653  -2519
16       -2       -2       -4      0    12548    12546    -61    653  -2519
17       -2       -2       -4      0    12546    12543     -4    652  -2519
18       -2       -2       -4      0    12544    12550     -9    652  -2519
19       -2       -2       -4      0    12542    12549      2    652  -2519
20       -3       -2       -5      1    12546    12550     -1    652  -2519
21       -2       -2       -4      0    12552    12556      3    652  -2519
22       -2       -2       -4      0    12550    12554     26    652  -2519
23       -2       -2       -4      0    12548    12546     50    652  -2519
24       -2       -2       -4      0    12548    12547     43    652  -2519
25       -3       -2       -5      1    12548    12544     44    652  -2519
26       -2       -2       -4      0    12550    12549     40    652  -2519
27       -2       -2       -4      0    12546    12552     38    652  -2519
28       -3       -2       -5      1    12546    12556     -2    653  -2519
29       -2       -2       -4      0    12552    12558     27    653  -2519
30       -2       -2       -4      0    12546    12560      4    654  -2519
31       -2       -2       -4      0    12550    12564     25    654  -2519
32       -3       -2       -5      1    12552    12560     65    654  -2519
33       -2       -1       -3      1    12558    12550    -15    655  -2519
34       -2       -2       -4      0    12556    12541     -1    654  -2519
35       -3       -2       -5      1    12549    12544    -30    654  -2519
36       -3       -2       -5      1    12548    12542    -73    654  -2519
37       -2       -2       -4      0    12548    12556     24    653  -2519
38       -3       -1       -4      2    12546    12556     61    653  -2520
39       -2       -2       -4      0    12558    12546    -25    654  -2520
40       -3       -2       -5      1    12554    12543    -61    654  -2520
41       -2       -2       -4      0    12556    12544    -23    653  -2520
42       -3       -2       -5      1    12562    12540    -64    653  -2520
43       -2       -1       -3      1    12548    12546     -5    652  -2520
44       -3       -2       -5      1    12548    12544    -18    652  -2520
45       -2       -2       -4      0    12554    12550    -60    652  -2520
46       -2       -1       -3      1    12552    12556    -64    652  -2520
47       -3       -2       -5      1    12558    12554    -68    652  -2520
48       -2       -2       -4      0    12556    12549    -69    652  -2520
49       -2       -2       -4      0    12548    12554     10    651  -2520
50       -3       -2       -5      1    12546    12561     50    651  -2520
51       -2       -1       -3      1    12547    12562     27    652  -2520
52       -2       -2       -4      0    12554    12553     61    652  -2520
53       -3       -2       -5      1    12554    12560     17    653  -2520
54       -2       -2       -4      0    12552    12548     -5    653  -2520
55       -2       -1       -3      1    12563    12544    -42    653  -2520
56       -3       -2       -5      1    12549    12545    -58    653  -2520
57       -2       -2       -4      0    12556    12552     -3    652  -2520
58       -3       -1       -4      2    12550    12562     26    652  -2521
59       -2       -2       -4      0    12546    12560      0    653  -2521
60       -3       -2       -5      1    12544    12556     45    653  -2521
61       -2       -1       -3      1    12544    12560      9    654  -2521
62       -3       -2       -5      1    12557    12552     11    654  -2521
63       -3       -2       -5      1    12551    12552     29    654  -2521
64       -2       -2       -4      0    12543    12551     34    654  -2521
65       -2       -2       -4      0    12552    12548     29    654  -2521
66       -3       -2       -5      1    12554    12552     48    654  -2521
67       -2       -2       -4      0    12550    12554     69    654  -2521
68       -2       -2       -4      0    12556    12556     -2    655  -2521
69       -3       -1       -4      2    12550    12554     15    655  -2522
70       -2       -2       -4      0    12544    12556     50    655  -2522
71       -2       -2       -4      0    12546    12548     63    655  -2522
72       -2       -3       -5     -1    12552    12543     22    655  -2522
73       -2       -2       -4      0    12560    12542    -18    655  -2522
74       -3       -2       -5      1    12550    12544    -24    655  -2522
75       -2       -2       -4      0    12546    12552    -10    655  -2522
76       -3       -2       -5      1    12554    12554     -9    655  -2522
77       -2       -2       -4      0    12544    12564     52    655  -2522
78       -2       -2       -4      0    12550    12554      2    656  -2522
79       -2       -2       -4      0    12556    12552     -9    656  -2522
80       -2       -2       -4      0    12546    12554      4    656  -2522
81       -3       -2       -5      1    12550    12554     37    656  -2522
82       -2       -2       -4      0    12550    12556     67    656  -2522
83       -2       -2       -4      0    12554    12554     65    656  -2522
84       -2       -1       -3      1    12554    12546     35    656  -2522
85       -2       -2       -4      0    12556    12552      4    656  -2522
86       -3       -2       -5      1    12552    12552     -6    656  -2522
87       -2       -2       -4      0    12560    12544    -49    656  -2522
88       -2       -2       -4      0    12554    12540    -16    655  -2522
89       -2       -2       -4      0    12556    12544    -66    655  -2522
90       -2       -2       -4      0    12550    12550     -8    654  -2522
91       -3       -2       -5      1    12550    12550     -5    654  -2522
92       -2       -2       -4      0    12556    12542    -37    654  -2522
93       -2       -2       -4      0    12551    12549    -56    654  -2522
94       -2       -2       -4      0    12556    12550    -60    654  -2522
95       -2       -3       -5     -1    12551    12545    -73    654  -2522
96       -2       -2       -4      0    12542    12548      6    653  -2522
97       -2       -2       -4      0    12551    12548     -4    653  -2522
98       -2       -2       -4      0    12547    12548     -4    653  -2522
99       -3       -2       -5      1    12550    12548    -11    653  -2522
 0       -2       -2       -4      0    12548    12546    -21    653  -2522
 1       -2       -2       -4      0    12554    12550    -21    653  -2522
 2       -3       -2       -5      1    12556    12544    -37    653  -2522
 3       -2       -2       -4      0    12553    12547    -53    653  -2522
 4       -2       -2       -4      0    12548    12553    -39    653  -2522
 5       -2       -2       -4      0    12547    12550    -19    653  -2522
 6       -2       -3       -5     -1    12550    12553      5    653  -2522
 7       -2       -2       -4      0    12552    12553      6    653  -2522
 8       -2       -2       -4      0    12546    12550     29    653  -2522
 9       -2       -3       -5     -1    12547    12552     48    653  -2522
10       -2       -2       -4      0    12553    12547     46    653  -2522
11       -2       -3       -5     -1    12549    12556     76    653  -2522
12       -2       -2       -4      0    12560    12550     -1    654  -2522
13       -1       -2       -3     -1    12550    12557     26    654  -2522
14       -2       -3       -5     -1    12542    12567      4    655  -2522
15       -2       -2       -4      0    12554    12549      9    655  -2522
16       -2       -3       -5     -1    12551    12553    -17    655  -2522
17       -1       -2       -3     -1    12549    12565      8    655  -2522
18       -2       -3       -5     -1    12546    12561     55    655  -2522
19       -2       -2       -4      0    12548    12555     11    656  -2522
20       -1       -3       -4     -2    12549    12557     27    656  -2521
21       -2       -2       -4      0    12547    12552     28    656  -2521
22       -2       -2       -4      0    12558    12544    -13    656  -2521
23       -1       -3       -4     -2    12565    12541    -70    656  -2520
24       -2       -2       -4      0    12550    12544    -21    655  -2520
25       -2       -2       -4      0    12553    12548    -47    655  -2520
26       -2       -3       -5     -1    12548    12543    -58    655  -2520
27       -2       -2       -4      0    12548    12544     -1    654  -2520
28       -2       -2       -4      0    12548    12543    -19    654  -2520
29       -2       -3       -5     -1    12551    12551    -38    654  -2520
30       -2       -2       -4      0    12545    12552    -35    654  -2520
31       -2       -2       -4      0    12550    12552    -33    654  -2520
32       -2       -3       -5     -1    12544    12555    -29    654  -2520
33       -2       -2       -4      0    12544    12558     16    654  -2520
34       -2       -2       -4      0    12544    12548     49    654  -2520
35       -2       -3       -5     -1    12551    12551     72    654  -2520
36       -2       -2       -4      0    12545    12547      6    655  -2520
37       -3       -2       -5      1    12546    12552     15    655  -2520
38       -2       -2       -4      0    12553    12549     16    655  -2520
39       -2       -2       -4      0    12548    12558     48    655  -2520
40       -2       -2       -4      0    12554    12559      1    656  -2520
41       -2       -2       -4      0    12557    12559      9    656  -2520
42       -2       -2       -4      0    12555    12545     25    656  -2520
