16       -3        8        5     11    13326    13344     48   1436  -4095
17       -2        8        6     10    13334    13332    -31   1436  -4095
18       -3        9        6     12    13341    13333      0   1436  -4095
19       -2        8        6     11    13349    13305      3   1434  -4095
20       -3        9        6     11    13316    13364     52   1435  -4095
21       -3        8        5     11    13348    13315    -30   1435  -4095
22       -3        8        5     11    13333    13344     12   1435  -4095
23       -2        8        6     12    13341    13317    -30   1436  -4095
24       -3        9        6     10    13332    13341     26   1435  -4095
25       -3        8        5     11    13333    13350      5   1435  -4095
26       -2        8        6     11    13345    13303    -14   1436  -4095
27       -3        8        5     10    13335    13344      3   1434  -4095
28       -2        8        6     11    13317    13365     32   1435  -4095
29       -3        8        5     11    13326    13331     10   1433  -4095
30       -3        9        6     11    13353    13303    -41   1433  -4095
31       -2        7        5     11    13335    13337    -26   1433  -4095
32       -3        9        6     10    13345    13297    -59   1433  -4095
33       -2        8        6     10    13330    13329    -27   1433  -4095
34       -2        8        6     12    13360    13313    -22   1432  -4095
35       -2        9        7     10    13340    13325    -53   1432  -4095
36       -3        8        5     10    13334    13325    -64   1431  -4095
37       -2        8        6     10    13295    13385     40   1432  -4095
38       -2        8        6     11    13316    13340     21   1435  -4095
39       -3        8        5     10    13355    13301    -12   1433  -4095
40       -3        8        5     11    13325    13363     26   1432  -4095
41       -2        8        6     10    13333    13346      2   1433  -4095
42       -3        8        5     11    13316    13358     72   1433  -4095
43       -2        8        6     10    13331    13344     33   1434  -4095
44       -2        8        6     11    13333    13329     13   1433  -4095
45       -3        8        5     10    13343    13324      2   1433  -4095
46       -2        8        6     11    13351    13320    -10   1432  -4095
47       -2        8        6      9    13324    13338     28   1432  -4095
48       -3        8        5     11    13333    13333     24   1433  -4095
49       -2        7        5     10    13317    13353     14   1434  -4095
50       -2        8        6      9    13319    13344     37   1435  -4095
51       -2        8        6     10    13314    13364     -1   1436  -4095
52       -2        8        6     10    13317    13362      2   1435  -4095
53       -2        7        5      9    13326    13342    -18   1435  -4095
54       -2        8        6     10    13366    13301    -36   1434  -4095
55       -2        8        6     10    13323    13338      6   1434  -4095
56       -2        7        5     10    13324    13337      6   1435  -4095
57       -2        8        6      9    13363    13305    -31   1435  -4095
58       -2        8        6     10    13344    13330      0   1434  -4095
59       -1        7        6     10    13345    13293    -56   1435  -4095
60       -2        8        6      9    13295    13375     49   1435  -4095
61       -2        7        5      9    13362    13290    -17   1435  -4095
62       -2        8        6     10    13333    13328     11   1435  -4095
63       -2        8        6      9    13358    13297    -28   1435  -4095
64       -2        7        5      9    13338    13341      6   1435  -4095
65       -2        8        6     10    13340    13326     14   1434  -4095
66       -2        7        5      9    13357    13291    -19   1435  -4095
67       -2        8        6     10    13346    13318     10   1434  -4095
68       -1        7        6      9    13362    13267    -30   1434  -4095
69       -2        7        5      9    13348    13308    -36   1434  -4095
70       -2        8        6      9    13337    13334     60   1434  -4095
71       -2        7        5     10    13343    13316    -48   1435  -4095
72       -2        8        6      9    13334    13344    -48   1435  -4095
73       -2        8        6     10    13324    13324    -16   1434  -4095
74       -2        8        6     11    13334    13317     29   1434  -4095
75       -3        7        4      9    13331    13336      0   1435  -4095
76       -2        8        6     10    13321    13349     60   1435  -4095
77       -2        7        5     10    13335    13344    -55   1436  -4095
78       -3        8        5     10    13363    13310    -12   1434  -4095
79       -2        8        6     10    13338    13323      2   1434  -4095
80       -3        8        5     11    13333    13327      6   1435  -4095
81       -2        8        6     10    13337    13313    -46   1436  -4095
82       -3        8        5     11    13327    13318      5   1434  -4095
83       -2        8        6     10    13317    13342     -7   1435  -4095
84       -2        8        6     11    13331    13332      8   1435  -4095
85       -3        8        5     10    13338    13317     36   1436  -4095
86       -2        7        5      9    13330    13332     12   1437  -4095
87       -2        8        6     10    13334    13336    -37   1437  -4095
88       -2        7        5      9    13340    13337    -28   1437  -4095
89       -2        7        5      9    13330    13347    -40   1436  -4095
90       -2        7        5     10    13326    13337    -37   1435  -4095
91       -1        8        7      8    13337    13337     14   1434  -4095
92       -2        7        5      9    13337    13339     -6   1435  -4095
93       -2        7        5      9    13300    13373     45   1435  -4095
94       -1        8        7     10    13338    13332    -15   1436  -4095
95       -2        7        5      8    13364    13285    -34   1436  -4095
96       -2        8        6     10    13355    13303    -65   1436  -4095
97       -2        7        5      9    13319    13357     14   1435  -4095
98       -1        7        6      8    13314    13369      5   1436  -4095
99       -1        7        6      9    13363    13290    -29   1436  -4095
 0       -2        7        5      9    13353    13301      5   1435  -4095
 1       -1        8        7      8    13330    13332    -17   1435  -4095
 2       -2        7        5      9    13340    13306    -11   1435  -4095
 3       -2        7        5      9    13325    13348     11   1434  -4095
 4       -2        8        6     10    13330    13321     46   1434  -4095
 5       -2        7        5      9    13327    13347    -28   1435  -4095
 6       -2        8        6     10    13355    13310     -4   1435  -4095
 7       -2        7        5      9    13305    13367     64   1434  -4095
 8       -2        8        6     10    13326    13350     15   1436  -4095
 9       -2        7        5      9    13348    13300     -9   1435  -4095
10       -2        7        5      9    13323    13344     53   1434  -4095
11       -2        8        6     10    13348    13325     11   1434  -4095
12       -1        7        6      8    13344    13324     16   1433  -4095
13       -2        7        5      9    13324    13359    -32   1433  -4095
14       -2        8        6     10    13344    13313    -57   1433  -4095
15       -1        7        6      9    13332    13350     17   1432  -4095
16       -2        8        6      9    13347    13322    -69   1432  -4095
17       -2        7        5      9    13336    13310    -13   1432  -4095
18       -1        8        7     10    13332    13325    -23   1432  -4095
19       -2        7        5      9    13317    13360      4   1432  -4095
20       -2        7        5      9    13329    13337     37   1433  -4095
21       -2        8        6     10    13344    13308    -35   1434  -4095
22       -2        7        5      8    13332    13334    -21   1433  -4095
23       -2        7        5     10    13313    13363     50   1434  -4095
24       -2        8        6      9    13320    13359     37   1435  -4095
25       -1        8        7     10    13316    13346      1   1434  -4095
26       -2        7        5      9    13341    13334      9   1434  -4095
27       -2        8        6      9    13314    13374     33   1433  -4095
28       -2        7        5      9    13342    13326     -3   1433  -4095
29       -2        8        6     11    13307    13358      0   1433  -4095
30       -3        8        5     10    13352    13282    -27   1433  -4095
31       -2        8        6     10    13302    13374      4   1434  -4095
32       -2        8        6     11    13346    13314      3   1434  -4095
33       -3        8        5     10    13331    13337     25   1434  -4095
34       -3        7        4     11    13325    13332      5   1435  -4095
35       -3        8        5     11    13326    13350     27   1436  -4095
36       -2        8        6     10    13356    13309    -22   1436  -4095
37       -3        8        5     10    13343    13326     -9   1436  -4095
38       -3        8        5     12    13349    13327    -51   1436  -4095
39       -2        8        6      9    13333    13334    -19   1434  -4095
40       -3        9        6     12    13339    13319    -42   1433  -4095
41       -2        8        6     10    13344    13322    -43   1433  -4095
42       -3        8        5     11    13334    13347     -1   1432  -4095
43       -2        8        6     10    13357    13309    -26   1433  -4095
44       -3        8        5     11    13328    13331    -14   1433  -4095
45       -2        8        6     10    13317    13351      2   1434  -4095
46       -3        8        5     11    13355    13293    -55   1434  -4095
47       -2        8        6     11    13334    13329     -3   1432  -4095
48       -3        8        5     10    13350    13311    -53   1432  -4095
49       -2        8        6     10    13340    13333    -25   1431  -4095
50       -3        8        5     11    13304    13372      1   1432  -4095
51       -2        8        6     10    13339    13311      6   1432  -4095
52       -2        9        7     12    13327    13333    -35   1431  -4095
53       -3        8        5     10    13346    13316     19   1431  -4095
54       -3        9        6     12    13337    13324    -22   1431  -4095
55       -3        8        5     11    13327    13351    -16   1432  -4095
56       -3        9        6     12    13324    13345     21   1431  -4095
57       -3        9        6     13    13320    13353     32   1431  -4095
58       -3        8        5     11    13323    13348     59   1432  -4095
59       -3        9        6     12    13319    13351      9   1433  -4095
60       -3        8        5     10    13313    13363     20   1433  -4095
61       -3        9        6     12    13341    13314    -19   1433  -4095
62       -3        8        5     11    13335    13326    -63   1433  -4095
63       -2        9        7     12    13331    13349     41   1432  -4095
64       -3        8        5     11    13333    13351     29   1432  -4095
65       -3        9        6     11    13332    13349     47   1433  -4095
66       -3        8        5     12    13326    13333     55   1433  -4095
67       -3        9        6     11    13352    13315      5   1434  -4095
68       -2        8        6     11    13351    13303    -39   1434  -4095
69       -3        8        5     11    13348    13317    -61   1433  -4095
70       -2        9        7     10    13361    13296    -18   1431  -4095
71       -2        8        6     10    13313    13370     24   1431  -4095
72       -3        8        5     11    13318    13363     40   1432  -4095
73       -2        8        6     11    13339    13327    -28   1432  -4095
74       -2        8        6     10    13365    13295    -77   1432  -4095
75       -3        8        5     10    13339    13319     38   1432  -4095
76       -2        7        5     10    13354    13302     13   1433  -4095
77       -2        8        6     10    13301    13361     39   1433  -4095
78       -2        8        6      9    13354    13303    -45   1435  -4095
79       -2        7        5     11    13315    13360    -18   1434  -4095
80       -3        8        5      9    13329    13340    -64   1434  -4095
81       -2        8        6     10    13310    13354     59   1433  -4095
82       -2        7        5     10    13317    13368      7   1433  -4095
83       -2        8        6      9    13346    13328    -10   1433  -4095
84       -2        8        6     10    13351    13307    -40   1432  -4095
85       -2        8        6     10    13350    13306      6   1431  -4095
86       -2        8        6     10    13333    13325    -14   1431  -4095
87       -2        8        6     11    13323    13352     34   1432  -4095
88       -3        9        6     11    13365    13294    -47   1432  -4095
89       -2        8        6     11    13326    13327     39   1431  -4095
90       -3        8        5     10    13333    13327    -36   1432  -4095
91       -3        8        5     11    13315    13358     -1   1431  -4095
92       -2        8        6     10    13331    13332      2   1430  -4095
93       -3        8        5     11    13335    13339     25   1430  -4095
94       -2        8        6     10    13346    13315    -52   1430  -4095
95       -2        8        6     10    13332    13342     36   1430  -4095
96       -2        7        5     11    13343    13309    -18   1432  -4095
97       -3        8        5      9    13348    13293    -60   1433  -4095
98       -2        8        6     10    13362    13311      4   1432  -4095
99       -2        8        6     11    13327    13335     15   1432  -4095
 0       -3        8        5     10    13339    13316    -50   1433  -4095
 1       -2        8        6     11    13309    13370     13   1432  -4095
 2       -3        8        5     10    13333    13331     23   1432  -4095
 3       -3        8        5     12    13350    13304    -68   1432  -4095
 4       -3        9        6     11    13328    13331     11   1432  -4095
 5       -3        8        5     11    13342    13316    -13   1433  -4095
 6       -3        8        5     12    13333    13331     28   1433  -4095
 7       -3        9        6     11    13343    13305    -27   1433  -4095
 8       -3        8        5     12    13348    13311    -10   1432  -4095
 9       -3        9        6     11    13340    13337    -22   1432  -4095
10       -3        9        6     12    13355    13308    -35   1431  -4095
11       -3        8        5     11    13341    13335      7   1431  -4095
12       -2        9        7     12    13335    13341     24   1430  -4095
13       -3        8        5     10    13326    13339     25   1432  -4095
14       -3        8        5     12    13332    13333     25   1432  -4095
15       -3        9        6     11    13343    13323    -23   1433  -4095
16       -3        8        5     11    13329    13339     -4   1432  -4095
17       -2        8        6     11    13339    13327     51   1432  -4095
18       -3        8        5     11    13345    13329      0   1433  -4095
19       -2        9        7     11    13345    13307    -39   1432  -4095
20       -3        8        5     10    13317    13350     18   1432  -4095
21       -2        8        6     11    13343    13315    -27   1433  -4095
22       -3        8        5     10    13333    13329    -55   1434  -4095
23       -3        8        5     11    13335    13330    -40   1434  -4095
24       -2        8        6     10    13349    13326    -10   1433  -4095
25       -3        8        5     11    13352    13303    -57   1433  -4095
26       -2        8        6     11    13329    13333      7   1432  -4095
27       -3        8        5     10    13337    13332     -2   1432  -4095
28       -3        8        5     11    13347    13301    -66   1432  -4095
29       -2        8        6     10    13349    13312    -35   1431  -4095
30       -2        8        6     11    13317    13359     21   1431  -4095
31       -3        8        5     10    13307    13372     71   1431  -4095
32       -2        8        6     10    13358    13321    -55   1433  -4095
33       -2        7        5     10    13323    13352    -32   1433  -4095
34       -2        8        6     10    13347    13326     19   1432  -4095
35       -2        8        6      9    13348    13338    -17   1432  -4095
36       -2        8        6     10    13350    13327     10   1432  -4095
37       -3        8        5     11    13325    13346      1   1432  -4095
38       -2        8        6     10    13315    13362     33   1433  -4095
39       -2        8        6     10    13332    13333    -15   1432  -4095
40       -3        7        4     11    13334    13340     -9   1433  -4095
41       -2        9        7     10    13356    13295    -20   1432  -4095
42       -3        8        5     11    13342    13305     27   1431  -4095
43       -2        8        6     10    13319    13344     64   1432  -4095
44       -3        7        4     10    13321    13342    -24   1434  -4095
45       -2        8        6     10    13341    13318     12   1434  -4095
46       -2        8        6     11    13332    13341      5   1433  -4095
47       -3        8        5     10    13307    13339     -1   1432  -4095
48       -2        8        6     11    13337    13332     34   1431  -4095
49       -3        8        5     11    13338    13328    -74   1432  -4095
50       -2        9        7     10    13344    13325      2   1431  -4095
51       -3        8        5     11    13335    13338    -13   1432  -4095
52       -2        8        6     10    13343    13326    -52   1432  -4095
53       -3        8        5     11    13307    13362     46   1432  -4095
54       -2        8        6     10    13311    13354     45   1432  -4095
55       -2        8        6     10    13346    13309      4   1432  -4095
56       -2        7        5     10    13336    13328    -26   1432  -4095
57       -3        8        5     10    13333    13334     10   1432  -4095
58       -2        8        6     10    13333    13332     59   1432  -4095
59       -2        8        6     10    13324    13344     25   1432  -4095
60       -2        8        6     10    13360    13313      7   1433  -4095
61       -2        7        5     11    13328    13327    -44   1433  -4095
62       -3        8        5      9    13328    13347    -46   1433  -4095
63       -2        8        6     10    13352    13294    -19   1432  -4095
64       -2        8        6     10    13344    13316    -19   1433  -4095
65       -2        7        5     11    13344    13316    -44   1433  -4095
66       -3        8        5      9    13330    13342      5   1434  -4095
67       -2        7        5      9    13342    13309     32   1434  -4095
68       -2        8        6     10    13346    13310    -39   1434  -4095
69       -3        8        5     11    13327    13332     27   1433  -4095
70       -2        8        6     10    13334    13334     29   1433  -4095
71       -2        8        6     10    13358    13314     -2   1434  -4095
72       -3        8        5     11    13323    13328    -31   1434  -4095
73       -2        7        5     10    13333    13324    -39   1434  -4095
74       -2        8        6     10    13334    13318    -26   1433  -4095
75       -3        8        5     10    13340    13322    -28   1434  -4095
76       -2        8        6     10    13337    13324    -29   1433  -4095
77       -2        8        6     10    13344    13328    -12   1433  -4095
78       -2        7        5     11    13331    13334     38   1432  -4095
79       -2        8        6      9    13350    13312    -71   1431  -4095
80       -2        8        6     10    13330    13341     -6   1430  -4095
81       -3        7        4      9    13322    13358     24   1431  -4095
82       -1        8        7     10    13311    13369     19   1432  -4095
83       -2        7        5      8    13348    13304    -52   1433  -4095
84       -2        8        6     10    13370    13281    -46   1431  -4095
85       -2        7        5      9    13334    13330     19   1430  -4095
86       -2        8        6     10    13322    13347     37   1431  -4095
87       -2        7        5      9    13321    13345    -10   1430  -4095
88       -2        8        6     10    13358    13281    -34   1430  -4095
89       -1        7        6      9    13339    13332     54   1430  -4095
90       -2        7        5      8    13326    13340     50   1430  -4095
91       -1        7        6     10    13356    13300    -74   1432  -4095
92       -2        8        6      8    13318    13349    -12   1430  -4095
93       -2        7        5      9    13337    13314     -2   1430  -4095
94       -1        7        6      9    13332    13308    -71   1431  -4095
95       -2        8        6      9    13350    13320    -21   1430  -4095
96       -2        7        5      9    13336    13326    -21   1431  -4095
97       -2        7        5     10    13344    13326    -18   1430  -4095
98       -2        8        6      9    13348    13306     -6   1429  -4095
99       -2        7        5     10    13335    13326      2   1429  -4095
 0       -2        8        6      9    13355    13318      2   1429  -4095
 1       -2        7        5      9    13342    13316    -30   1430  -4095
 2       -1        7        6     10    13333    13340     20   1429  -4095
 3       -2        8        6      8    13344    13298    -14   1429  -4095
 4       -2        7        5      9    13326    13340     41   1428  -4095
 5       -2        8        6     10    13318    13360     23   1429  -4095
 6       -2        7        5     10    13354    13323    -54   1428  -4095
 7       -2        8        6      9    13330    13336     23   1427  -4095
 8       -2        8        6     10    13313    13350     23   1428  -4095
 9       -2        8        6     10    13362    13328    -38   1429  -4095
10       -2        8        6     11    13327    13340     11   1428  -4095
11       -3        8        5     10    13340    13323    -52   1429  -4095
12       -2        8        6     10    13360    13305    -33   1429  -4095
13       -2        8        6     10    13339    13332    -23   1429  -4095
14       -2        7        5     10    13329    13343      1   1429  -4095
15       -2        8        6     10    13338    13320    -27   1429  -4095
16       -3        8        5     11    13325    13340     56   1428  -4095
17       -2        8        6     10    13312    13362     61   1429  -4095
18       -3        8        5     10    13329    13334     -4   1430  -4095
19       -3        8        5     11    13325    13352    -29   1430  -4095
20       -2        8        6     11    13325    13342      5   1429  -4095
21       -3        9        6     11    13337    13313    -60   1428  -4095
22       -2        8        6     11    13325    13323     -2   1428  -4095
23       -3        8        5     10    13320    13348    -12   1428  -4095
24       -3        8        5     12    13331    13331     51   1429  -4095
25       -2        8        6     11    13331    13323    -14   1430  -4095
26       -3        8        5      9    13312    13362     52   1430  -4095
27       -3        8        5     11    13345    13314    -32   1431  -4095
28       -2        9        7     11    13349    13304    -59   1431  -4095
29       -2        8        6     11    13341    13313    -41   1429  -4095
30       -3        8        5     10    13326    13342     12   1429  -4095
31       -2        8        6     11    13335    13330      6   1429  -4095
32       -3        7        4     10    13326    13344     76   1429  -4095
33       -3        8        5     11    13339    13335    -47   1430  -4095
34       -2        8        6     10    13332    13329      4   1429  -4095
35       -2        8        6     10    13331    13342     48   1429  -4095
36       -3        8        5     10    13347    13309    -26   1429  -4095
37       -2        8        6     10    13319    13362     15   1429  -4095
38       -2        8        6     11    13329    13322    -14   1429  -4095
39       -3        8        5     10    13329    13334    -44   1429  -4095
40       -2        8        6     11    13337    13314    -26   1429  -4095
41       -3        8        5     10    13347    13317    -34   1429  -4095
42       -2        8        6     11    13321    13333     13   1429  -4095
43       -3        8        5     10    13336    13334     43   1429  -4095
44       -2        8        6     10    13357    13287    -17   1429  -4095
45       -2        8        6     11    13327    13330     11   1429  -4095
46       -3        7        4     10    13327    13344    -24   1429  -4095
47       -2        8        6      9    13318    13350      4   1428  -4095
48       -3        8        5     11    13313    13352     34   1429  -4095
49       -2        8        6     10    13340    13319    -15   1429  -4095
50       -3        8        5     11    13324    13337     34   1430  -4095
51       -2        8        6     11    13339    13316    -56   1430  -4095
52       -3        8        5     10    13334    13323    -27   1429  -4095
53       -2        8        6     12    13336    13294    -42   1429  -4095
54       -3        8        5      9    13341    13328    -17   1430  -4095
55       -2        8        6     12    13358    13295    -28   1429  -4095
56       -3        8        5     10    13348    13314    -23   1429  -4095
57       -2        8        6      9    13331    13338     29   1429  -4095
58       -2        8        6     11    13329    13350     24   1429  -4095
59       -3        8        5     10    13343    13314     -4   1429  -4095
60       -2        8        6     11    13351    13317    -30   1428  -4095
61       -3        8        5     10    13349    13301    -55   1428  -4095
62       -2        8        6     10    13336    13315    -16   1428  -4095
63       -2        8        6     11    13359    13313    -63   1428  -4095
64       -3        8        5     10    13298    13358     -2   1428  -4095
65       -2        8        6     11    13351    13310      3   1428  -4095
66       -3        8        5     10    13328    13343    -46   1428  -4095
67       -2        8        6     10    13336    13339     25   1426  -4095
68       -2        8        6     10    13306    13370     64   1426  -4095
69       -2        7        5      9    13344    13316     12   1425  -4095
70       -2        8        6     10    13316    13366     -5   1427  -4095
71       -2        7        5     10    13316    13350     30   1426  -4095
72       -2        8        6      9    13334    13318      1   1426  -4095
73       -2        7        5     10    13347    13322      0   1426  -4095
74       -2        8        6      9    13323    13365     77   1426  -4095
75       -2        7        5      9    13333    13310    -23   1428  -4095
76       -2        8        6     10    13344    13304    -36   1428  -4095
77       -2        8        6     10    13334    13311    -47   1428  -4095
78       -2        7        5     10    13337    13314    -28   1427  -4095
79       -2        8        6      9    13325    13338      0   1426  -4095
80       -2        7        5     10    13326    13344      5   1427  -4095
81       -2        8        6      9    13350    13319     -5   1427  -4095
82       -2        8        6     11    13345    13316    -45   1428  -4095
83       -2        8        6      9    13347    13293     -7   1426  -4095
84       -2        7        5     11    13318    13346      2   1427  -4095
85       -3        8        5      9    13314    13351     39   1427  -4095
86       -2        8        6     10    13337    13326     27   1428  -4095
87       -2        7        5      9    13313    13371     25   1429  -4095
88       -2        8        6     10    13339    13325    -21   1428  -4095
89       -2        8        6     10    13338    13318    -34   1427  -4095
90       -2        7        5      9    13350    13300     -5   1426  -4095
91       -2        7        5     10    13356    13326      1   1427  -4095
92       -2        8        6     10    13305    13337     -2   1427  -4095
93       -2        8        6     10    13320    13346     13   1427  -4095
94       -2        7        5      9    13294    13373     20   1428  -4095
95       -2        8        6     10    13340    13310    -45   1428  -4095
96       -3        7        4     10    13322    13352     41   1427  -4095
97       -2        8        6      9    13342    13314    -33   1429  -4095
98       -2        7        5     10    13335    13336    -58   1429  -4095
99       -2        8        6      9    13340    13327      0   1427  -4095
 0       -2        7        5     10    13333    13322      8   1427  -4095
 1       -2        8        6      9    13331    13328    -17   1427  -4095
 2       -2        8        6     10    13342    13300    -12   1426  -4095
 3       -2        7        5      9    13332    13316    -25   1427  -4095
 4       -2        7        5     10    13371    13277      8   1426  -4095
 5       -2        8        6      9    13330    13355     44   1426  -4095
 6       -2        7        5      9    13328    13347     71   1427  -4095
 7       -1        7        6      9    13343    13314     13   1428  -4095
 8       -2        8        6      9    13357    13296    -52   1427  -4095
 9       -1        7        6      8    13324    13345     42   1426  -4095
10       -1        7        6      9    13342    13326      4   1427  -4095
11       -2        7        5      8    13334    13325     34   1427  -4095
12       -2        8        6     10    13340    13318    -48   1427  -4095
13       -1        7        6      8    13339    13312    -19   1426  -4095
14       -2        8        6     10    13326    13359     42   1426  -4095
15       -2        7        5     10    13336    13339      6   1427  -4095
16       -3        8        5     10    13359    13322     15   1426  -4095
17       -2        8        6     10    13291    13372     35   1427  -4095
18       -2        8        6     10    13358    13307     -4   1428  -4095
19       -3        7        4     11    13337    13334      3   1427  -4095
20       -2        8        6      9    13326    13346     -4   1428  -4095
21       -2        8        6     10    13325    13336    -45   1428  -4095
22       -2        7        5      9    13340    13327    -42   1428  -4095
23       -3        8        5     11    13311    13343    -17   1427  -4095
24       -2        7        5     10    13325    13347     26   1427  -4095
25       -2        8        6      9    13333    13338      2   1427  -4095
26       -2        8        6     10    13332    13326     -7   1427  -4095
27       -2        8        6     11    13346    13309    -41   1427  -4095
28       -3        7        4      9    13322    13352     68   1426  -4095
29       -2        8        6     10    13316    13358    -33   1426  -4095
30       -2        8        6     10    13316    13366     59   1426  -4095
31       -2        7        5      9    13344    13320    -18   1426  -4095
32       -2        8        6     10    13338    13322    -26   1426  -4095
33       -2        8        6     10    13341    13305     19   1426  -4095
34       -2        7        5      9    13340    13332     -7   1427  -4095
35       -2        7        5     10    13329    13351     14   1427  -4095
36       -2        8        6      9    13342    13328    -11   1428  -4095
37       -2        8        6     10    13344    13306    -14   1427  -4095
38       -2        7        5      9    13316    13363     55   1426  -4095
39       -2        8        6     10    13358    13307    -32   1426  -4095
40       -1        7        6      9    13352    13306     -3   1425  -4095
41       -2        8        6      9    13356    13314    -29   1424  -4095
42       -2        7        5     10    13332    13336     19   1424  -4095
43       -2        8        6      9    13313    13362     66   1425  -4095
44       -2        7        5     10    13336    13343    -62   1426  -4095
45       -2        8        6      9    13334    13340     27   1426  -4095
46       -1        7        6     10    13366    13308    -62   1426  -4095
47       -2        8        6      8    13346    13322    -38   1425  -4095
48       -2        7        5      9    13311    13373     62   1425  -4095
49       -2        7        5     10    13320    13347      8   1426  -4095
50       -2        8        6      9    13351    13315      3   1425  -4095
51       -2        7        5     10    13330    13343    -11   1425  -4095
52       -1        8        7      9    13340    13334     22   1425  -4095
53       -2        8        6      9    13318    13364     23   1424  -4095
54       -2        7        5     10    13313    13358      3   1425  -4095
55       -2        8        6      9    13352    13306      5   1423  -4095
56       -2        8        6     10    13334    13352     39   1423  -4095
57       -2        8        6     10    13332    13336     16   1423  -4095
58       -2        7        5     11    13309    13368     46   1424  -4095
59       -2        8        6      8    13326    13340     19   1425  -4095
60       -2        8        6     10    13300    13370     45   1426  -4095
61       -2        8        6     10    13340    13311    -40   1426  -4095
62       -2        7        5     11    13348    13322    -32   1426  -4095
63       -2        8        6      9    13352    13317    -15   1426  -4095
64       -2        8        6     10    13339    13318      9   1426  -4095
65       -2        7        5     10    13339    13308    -66   1427  -4095
66       -3        8        5     10    13337    13318    -42   1426  -4095
67       -2        8        6      9    13321    13354    -17   1426  -4095
68       -3        8        5     11    13353    13296    -79   1426  -4095
69       -2        8        6     10    13354    13289    -47   1424  -4095
70       -2        8        6     10    13360    13289    -16   1423  -4095
71       -2        7        5     10    13317    13358     43   1424  -4095
72       -3        8        5     10    13334    13320      7   1425  -4095
73       -2        8        6     10    13355    13306    -78   1425  -4095
74       -2        8        6     11    13340    13321    -75   1424  -4095
75       -3        7        4     10    13329    13338      4   1423  -4095
76       -2        8        6      9    13337    13332    -31   1424  -4095
77       -2        8        6     10    13344    13332    -35   1424  -4095
78       -3        7        4     11    13319    13350     47   1424  -4095
79       -2        8        6      9    13326    13362      7   1425  -4095
80       -2        7        5     10    13330    13334     21   1425  -4095
81       -2        8        6      9    13345    13332    -19   1426  -4095
82       -2        8        6     10    13315    13350     42   1425  -4095
83       -2        7        5      9    13341    13322     27   1426  -4095
84       -2        8        6     10    13332    13324    -24   1426  -4095
85       -3        8        5     11    13350    13308    -40   1425  -4095
86       -2        7        5      9    13336    13316     -6   1426  -4095
87       -2        7        5     10    13335    13348     25   1425  -4095
88       -2        8        6     10    13347    13314    -27   1425  -4095
89       -2        8        6     10    13354    13299      4   1423  -4095
90       -2        8        6      9    13335    13346      3   1424  -4095
91       -2        8        6     10    13349    13299    -47   1424  -4095
92       -2        8        6     10    13335    13327    -11   1424  -4095
93       -2        7        5     10    13348    13311    -52   1426  -4095
94       -2        8        6      9    13319    13338      3   1426  -4095
95       -3        8        5     11    13341    13318    -47   1426  -4095
96       -2        7        5     10    13324    13344     45   1426  -4095
97       -2        8        6      9    13334    13334    -32   1427  -4095
98       -2        8        6     10    13319    13336     20   1426  -4095
99       -2        7        5     11    13325    13344     14   1426  -4095
 0       -3        9        6     10    13363    13287    -47   1426  -4095
 1       -3        8        5     11    13344    13309    -54   1425  -4095
 2       -3        8        5     12    13341    13313    -76   1424  -4095
 3       -3        9        6     11    13334    13325    -60   1423  -4095
 4       -3        9        6     12    13335    13335     -2   1421  -4095
 5       -3        8        5     11    13335    13333     51   1421  -4095
 6       -2        8        6     12    13337    13325      8   1421  -4095
 7       -3        9        6     10    13343    13307    -75   1421  -4095
 8       -3        8        5     12    13333    13335     14   1420  -4095
 9       -3        9        6     11    13327    13347     16   1420  -4095
10       -2        8        6     10    13329    13331    -25   1421  -4095
11       -3        8        5     11    13342    13311     29   1421  -4095
12       -3        8        5     11    13346    13325    -24   1421  -4095
13       -2        8        6     11    13334    13323     51   1421  -4095
14       -3        8        5     10    13325    13342     10   1421  -4095
15       -3        8        5     11    13337    13308    -31   1421  -4095
16       -2        8        6     11    13361    13313    -31   1421  -4095
17       -2        9        7     11    13337    13329    -11   1421  -4095
18       -3        7        4     10    13309    13358     24   1421  -4095
19       -2        8        6     10    13341    13328    -15   1421  -4095
20       -3        8        5     10    13331    13332    -11   1421  -4095
21       -2        8        6     10    13344    13323      1   1420  -4095
22       -2        9        7     12    13339    13315      1   1420  -4095
23       -3        7        4      9    13334    13332     23   1421  -4095
24       -2        8        6     10    13332    13336     39   1422  -4095
25       -2        8        6     11    13339    13309      1   1422  -4095
26       -3        8        5     11    13352    13312    -13   1421  -4095
27       -2        8        6      9    13346    13334     48   1421  -4095
28       -2        8        6     11    13337    13352     10   1421  -4095
29       -3        8        5     10    13329    13325    -45   1421  -4095
30       -2        8        6     10    13339    13324    -15   1420  -4095
31       -2        8        6     10    13311    13358     31   1420  -4095
32       -2        8        6     10    13310    13355     47   1419  -4095
33       -2        8        6     10    13334    13325     -1   1420  -4095
34       -2        7        5     10    13324    13344     60   1420  -4095
35       -2        8        6     10    13349    13313     -7   1420  -4095
36       -2        8        6     10    13340    13305    -56   1420  -4095
37       -3        7        4     10    13322    13350      3   1420  -4095
38       -2        8        6      9    13336    13333     -9   1421  -4095
39       -2        8        6     10    13333    13349    -21   1421  -4095
40       -2        7        5      9    13327    13338     21   1421  -4095
41       -2        8        6     10    13345    13315     14   1422  -4095
42       -2        7        5      9    13335    13320    -62   1423  -4095
43       -2        8        6     10    13344    13303    -23   1421  -4095
44       -2        8        6     11    13317    13364    -15   1421  -4095
45       -2        7        5      9    13344    13326     -8   1421  -4095
46       -2        8        6      9    13352    13315    -27   1420  -4095
47       -2        8        6     11    13337    13325     -1   1419  -4095
48       -2        7        5      9    13327    13340     61   1419  -4095
49       -3        8        5     10    13341    13322    -43   1420  -4095
50       -2        8        6     10    13336    13333     40   1419  -4095
51       -2        7        5      9    13328    13346     43   1420  -4095
52       -2        8        6     10    13320    13361     50   1420  -4095
53       -1        7        6     10    13385    13276    -18   1421  -4095
54       -3        8        5      9    13323    13348    -35   1421  -4095
55       -2        7        5     10    13335    13344     53   1421  -4095
56       -2        8        6      9    13317    13346      7   1421  -4095
57       -2        7        5     10    13331    13332     -5   1421  -4095
58       -2        8        6      9    13322    13334     27   1421  -4095
59       -2        7        5     10    13337    13320    -42   1421  -4095
60       -2        8        6      9    13328    13322     22   1421  -4095
61       -2        7        5     10    13315    13359      0   1421  -4095
62       -2        8        6      9    13352    13311    -55   1422  -4095
63       -2        8        6     10    13366    13299    -26   1420  -4095
