12       -9       14        5     23    13349    13391     43   2869
13       -9       13        4     23    13367    13352     -7   2870
14       -9       14        5     22    13337    13398     39   2868
15       -9       14        5     23    13339    13394     73   2869
16       -9       14        5     24    13352    13380     33   2871
17       -9       13        4     23    13354    13370      6   2870
18      -10       14        4     22    13350    13378      9   2870
19       -9       14        5     23    13359    13368    -10   2870
20       -9       13        4     22    13343    13378      8   2869
21       -9       14        5     23    13351    13386    -32   2868
22       -9       14        5     23    13369    13352    -38   2866
23       -9       14        5     23    13376    13344    -24   2865
24       -9       13        4     23    13335    13392     47   2865
25       -9       14        5     22    13365    13352      0   2866
26       -9       14        5     23    13351    13357    -21   2866
27       -9       14        5     24    13339    13378     19   2866
28       -9       14        5     23    13349    13370    -11   2866
29       -9       14        5     23    13369    13352     -1   2866
30       -9       13        4     22    13388    13335    -44   2865
31       -9       14        5     22    13345    13383      7   2865
32       -9       14        5     23    13351    13373     40   2865
33       -9       13        4     22    13359    13364    -10   2864
34       -9       14        5     23    13353    13362    -36   2864
35       -9       14        5     23    13359    13354     -6   2863
36       -9       13        4     22    13343    13395      9   2863
37       -9       14        5     23    13333    13407     55   2863
38       -9       13        4     22    13339    13399     72   2864
39       -8       14        6     23    13353    13372     -6   2865
40       -9       14        5     23    13353    13378     53   2865
41       -9       13        4     23    13373    13336    -40   2865
42       -9       14        5     22    13337    13398     36   2865
43       -9       14        5     23    13357    13366     19   2864
44       -9       13        4     22    13336    13398     17   2866
45       -9       14        5     23    13359    13364     14   2866
46       -9       13        4     22    13349    13379     24   2866
47       -9       14        5     22    13339    13396     21   2867
48       -9       14        5     24    13357    13362     28   2867
49       -9       13        4     23    13361    13364     70   2867
50       -9       14        5     21    13399    13312    -25   2866
51       -9       14        5     23    13362    13370     52   2865
52       -9       14        5     24    13363    13369      6   2865
53       -9       14        5     23    13373    13332      3   2866
54      -10       14        4     23    13353    13372     -9   2867
55       -9       14        5     23    13331    13406     16   2867
56       -9       14        5     23    13348    13365     19   2867
57       -9       14        5     24    13344    13395      3   2867
58       -9       13        4     22    13355    13368     41   2866
59       -9       14        5     23    13361    13360    -32   2866
60       -9       14        5     23    13334    13398     27   2866
61      -10       14        4     23    13340    13395     60   2866
62       -9       13        4     22    13373    13340    -30   2866
63       -9       14        5     23    13353    13390    -16   2867
64       -9       13        4     22    13339    13404     78   2866
65       -9       14        5     23    13352    13373     -8   2868
66       -9       14        5     23    13368    13368    -11   2867
67       -9       14        5     23    13363    13345     29   2866
68       -9       13        4     22    13336    13404      8   2867
69       -9       14        5     24    13354    13368     29   2866
70      -10       14        4     23    13342    13397     67   2867
71       -9       14        5     23    13339    13396     12   2867
72       -9       13        4     23    13358    13362     44   2867
73       -9       14        5     23    13377    13341    -14   2868
74       -9       14        5     23    13354    13355     25   2866
75       -9       14        5     23    13357    13371     14   2868
76       -9       14        5     22    13361    13366     -7   2868
77       -9       14        5     24    13342    13395    -14   2867
78       -9       13        4     23    13351    13370    -18   2866
79      -10       14        4     22    13327    13415     60   2866
80       -9       14        5     23    13334    13392     53   2867
81       -9       14        5     23    13339    13392     22   2869
82       -9       14        5     24    13343    13389     19   2869
83       -9       14        5     23    13379    13338    -75   2869
84       -9       13        4     22    13347    13393     46   2869
85      -10       14        4     23    13348    13378      5   2870
86       -9       14        5     23    13365    13350    -26   2870
87       -9       13        4     22    13361    13365      1   2870
88       -9       14        5     23    13369    13342    -72   2870
89       -8       14        6     23    13343    13376    -21   2869
90       -9       13        4     23    13351    13377      2   2868
91       -9       14        5     21    13363    13368    -20   2868
92       -9       13        4     23    13353    13376     61   2868
93       -9       14        5     22    13362    13356    -38   2870
94       -9       13        4     23    13357    13370     35   2868
95       -8       14        6     22    13341    13386     69   2869
96       -9       13        4     22    13337    13397     70   2869
97       -9       14        5     23    13357    13356      7   2870
98       -9       13        4     21    13366    13357    -16   2870
99       -9       14        5     23    13339    13397     34   2869
 0       -9       14        5     23    13344    13390    -25   2870
 1       -9       13        4     22    13345    13388     39   2871
 2       -9       14        5     23    13351    13375      7   2871
 3       -9       14        5     23    13400    13317    -22   2870
 4       -9       14        5     23    13347    13392    -18   2868
 5       -9       13        4     23    13354    13368     23   2868
 6       -9       14        5     23    13340    13392     41   2868
 7      -10       14        4     23    13350    13386     14   2870
 8       -9       14        5     23    13341    13398     78   2869
 9       -9       14        5     24    13368    13362     43   2870
10       -9       13        4     22    13347    13390     53   2870
11      -10       14        4     23    13343    13398     17   2872
12       -9       14        5     23    13347    13380     53   2872
13       -9       14        5     23    13381    13311    -50   2873
14       -9       14        5     23    13357    13372     16   2871
15       -9       13        4     22    13365    13356     34   2870
16       -9       14        5     23    13355    13388     23   2871
17       -9       14        5     24    13351    13390      0   2871
18      -10       14        4     23    13362    13348     26   2870
19       -9       13        4     22    13359    13356      0   2870
20       -9       14        5     23    13347    13389     48   2872
21       -9       14        5     23    13365    13356    -29   2872
22       -9       14        5     23    13349    13378     -3   2870
23       -9       13        4     22    13385    13328    -69   2870
24       -9       14        5     23    13351    13378     49   2869
25       -9       14        5     23    13357    13368     26   2870
26       -9       14        5     23    13371    13342    -15   2871
27       -9       14        5     24    13338    13388     44   2872
28      -10       14        4     23    13344    13376     70   2872
29       -9       13        4     23    13348    13382     18   2872
30       -9       14        5     22    13345    13398     79   2873
31       -9       14        5     23    13344    13388     55   2875
32       -9       14        5     23    13373    13346     16   2875
33       -9       14        5     23    13399    13292    -29   2871
34       -9       14        5     23    13404    13295    -14   2867
35       -9       13        4     22    13341    13394     49   2868
36       -9       14        5     23    13353    13374     43   2868
37       -9       14        5     23    13369    13340      2   2870
38       -8       13        5     22    13365    13356      4   2869
39       -9       14        5     23    13344    13391     38   2869
40       -9       14        5     22    13355    13368     21   2869
41       -9       13        4     22    13367    13344      7   2868
42       -8       14        6     23    13360    13349    -10   2868
43       -9       13        4     23    13343    13384      2   2867
44       -9       14        5     21    13346    13372     49   2867
45       -9       13        4     23    13353    13362     35   2868
46       -9       14        5     22    13367    13362    -45   2868
47       -9       14        5     23    13346    13388     54   2867
48       -9       13        4     22    13361    13356    -42   2868
49       -8       14        6     23    13363    13355    -30   2867
50       -9       13        4     22    13345    13386     29   2867
51       -9       14        5     22    13359    13384     -2   2867
52       -9       14        5     23    13355    13384    -13   2867
53       -8       14        6     23    13383    13325    -17   2866
54       -9       13        4     23    13347    13372    -12   2866
55       -9       14        5     21    13344    13388     64   2866
56       -9       14        5     23    13341    13401     36   2868
57       -9       14        5     24    13331    13400     43   2870
58       -9       14        5     23    13363    13362     33   2872
59      -10       13        3     22    13365    13354     12   2871
60       -8       14        6     23    13369    13329    -43   2868
61       -9       14        5     22    13333    13402      5   2868
62       -9       14        5     23    13369    13359    -19   2866
63       -9       13        4     22    13372    13344    -34   2865
64       -8       14        6     23    13340    13392      9   2865
65       -9       13        4     22    13335    13398     70   2866
66       -9       14        5     22    13361    13368      3   2866
67       -9       14        5     23    13337    13383     41   2865
68       -9       13        4     22    13336    13398     38   2866
69       -9       14        5     23    13347    13382     40   2867
70       -9       14        5     23    13380    13335    -55   2868
71       -9       13        4     22    13353    13383     39   2867
72       -9       14        5     23    13350    13382     15   2868
73       -8       14        6     22    13358    13367     19   2868
74       -9       13        4     22    13326    13420     60   2868
75       -9       14        5     23    13351    13378     36   2868
76       -9       14        5     23    13340    13389    -11   2869
77       -9       13        4     22    13337    13410      7   2870
78       -9       14        5     23    13351    13386     56   2868
79       -8       14        6     23    13371    13343    -51   2868
80       -9       14        5     22    13360    13368     28   2866
81       -9       14        5     23    13345    13380    -13   2867
82       -8       13        5     22    13341    13378     35   2868
83       -9       14        5     22    13364    13356    -69   2870
84       -9       13        4     22    13356    13367     55   2869
85       -8       14        6     23    13350    13382     26   2870
86       -9       13        4     21    13367    13364     -5   2869
87       -9       14        5     23    13359    13364     15   2868
88       -8       13        5     22    13335    13407     25   2870
89       -9       13        4     22    13334    13399     48   2871
90       -9       14        5     22    13339    13394     71   2871
91       -9       13        4     23    13364    13344    -41   2871
92       -9       14        5     22    13359    13352      9   2870
93       -9       14        5     23    13351    13390     51   2868
94       -9       13        4     22    13351    13378    -26   2868
95       -8       14        6     22    13347    13394     49   2867
96       -9       13        4     23    13371    13359    -48   2869
97       -9       14        5     22    13325    13426     48   2868
98       -9       14        5     23    13367    13360    -28   2870
99       -8       14        6     23    13363    13348     31   2869
 0       -9       14        5     23    13355    13354    -29   2870
 1       -9       14        5     23    13361    13358    -41   2870
 2       -9       14        5     22    13365    13358    -21   2869
 3       -9       14        5     23    13381    13330    -69   2867
 4       -9       14        5     24    13364    13355     15   2867
 5       -9       14        5     23    13353    13377     -3   2868
 6       -9       13        4     23    13323    13428      6   2869
 7       -9       15        6     23    13371    13337    -53   2869
 8       -9       13        4     23    13363    13366    -28   2868
 9       -9       15        6     23    13369    13363    -23   2868
10       -9       13        4     23    13338    13392     20   2867
11       -9       15        6     23    13355    13373      2   2867
12       -9       14        5     23    13343    13394     76   2867
13       -9       14        5     23    13363    13361     16   2867
14      -10       14        4     23    13354    13382     -6   2868
15       -8       13        5     23    13327    13414     68   2868
16       -9       14        5     22    13349    13391      5   2869
