70       -1        5        4      4    13343    13355     21   1455  -1526
71        0        6        6      8    13338    13339     32   1455  -1530
72        2        3        5      2    13342    13335    -12   1456  -1531
73       -2        6        4      4    13339    13350    -34   1456  -1533
74        1        4        5      7    13344    13334    -61   1456  -1537
75        2        3        5      0    13342    13337      3   1455  -1537
76       -2        6        4      6    13342    13340    -12   1455  -1540
77        2        3        5      4    13341    13336    -34   1455  -1542
78        1        4        5      0    13350    13343    -59   1455  -1542
79        0        5        5      7    13339    13359     23   1454  -1546
80        3        2        5     -1    13341    13354     21   1455  -1546
81       -1        5        4      3    13328    13356     70   1455  -1547
82        1        3        4      6    13346    13348    -19   1456  -1550
83        3        2        5     -1    13334    13337     -5   1456  -1550
84       -1        5        4      3    13340    13333    -14   1456  -1551
85        3        2        5      2    13336    13349      3   1456  -1552
86        2        3        5     -1    13348    13341    -14   1456  -1552
87        0        4        4      4    13349    13327    -50   1456  -1554
88        4        1        5     -1    13339    13336      7   1455  -1554
89        1        4        5     -1    13338    13341    -17   1455  -1554
90        1        3        4      5    13339    13341    -37   1455  -1556
91        4        2        6     -2    13344    13351    -42   1455  -1555
92        0        4        4      2    13354    13333    -45   1455  -1556
93        3        2        5      2    13339    13338    -44   1455  -1557
94        2        2        4     -1    13342    13347      3   1454  -1557
95        1        5        6      3    13347    13339    -10   1454  -1558
96        3        1        4      0    13347    13328    -52   1454  -1558
97        2        3        5     -2    13343    13327     -5   1453  -1557
98        1        3        4      4    13331    13352     46   1453  -1559
99        4        1        5     -2    13334    13351      5   1454  -1558
 0        1        4        5     -1    13338    13342     37   1454  -1558
 1        2        2        4      4    13333    13335     47   1454  -1560
 2        3        2        5     -3    13330    13349     44   1454  -1559
 3        0        4        4      3    13342    13335     53   1454  -1560
 4        4        2        6      1    13348    13334    -34   1454  -1560
 5        2        2        4     -2    13341    13340     -3   1453  -1559
 6        0        4        4      4    13343    13335     -9   1453  -1561
 7        4        1        5     -1    13341    13340    -12   1453  -1561
 8        2        3        5     -3    13348    13342    -52   1453  -1560
 9        1        3        4      4    13337    13342      0   1452  -1562
10        4        1        5     -1    13334    13353     71   1452  -1562
11        1        4        5     -1    13338    13338      1   1453  -1562
12        2        2        4      4    13345    13343      9   1453  -1564
13        4        1        5     -3    13342    13338    -22   1453  -1563
14        0        5        5      2    13341    13335    -25   1453  -1564
15        3        1        4      1    13335    13336    -36   1453  -1564
16        3        2        5     -3    13343    13338    -54   1453  -1563
17        0        4        4      4    13339    13339      6   1452  -1565
18        4        1        5     -1    13340    13332     14   1452  -1565
19        2        3        5     -2    13348    13342     30   1452  -1564
20        1        3        4      4    13347    13343     -1   1452  -1566
21        4        1        5     -2    13335    13347      6   1452  -1565
22        2        4        6     -2    13345    13342      2   1452  -1564
23        2        2        4      3    13345    13344     -2   1452  -1565
24        4        1        5     -3    13337    13346     27   1452  -1564
25        1        4        5      1    13336    13351     76   1452  -1564
26        3        1        4      1    13343    13345      5   1453  -1564
27        3        2        5     -3    13338    13342      9   1453  -1563
28        1        4        5      3    13346    13347     -4   1453  -1564
29        3        1        4      0    13341    13346    -17   1453  -1564
30        3        2        5     -3    13345    13348    -28   1453  -1563
31        1        4        5      3    13344    13338      1   1452  -1564
32        4        1        5     -1    13341    13342     18   1452  -1564
33        1        3        4     -2    13340    13335     29   1452  -1563
34        2        3        5      3    13345    13328     14   1452  -1564
35        4        1        5     -1    13342    13339     -6   1452  -1564
36        1        4        5      0    13338    13344     -4   1452  -1564
37        2        2        4      3    13333    13350     62   1452  -1565
38        4        1        5     -3    13344    13336    -19   1453  -1564
39        0        4        4      2    13335    13341     12   1452  -1565
40        3        2        5      1    13339    13354     71   1452  -1565
41        3        1        4     -3    13334    13335      3   1453  -1564
42        0        4        4      2    13342    13339     -5   1453  -1565
43        4        2        6      0    13344    13341    -11   1453  -1565
44        3        2        5     -3    13333    13348     -6   1453  -1564
45        1        3        4      5    13339    13348     30   1453  -1566
46        3        1        4     -2    13331    13350     58   1453  -1565
47        2        3        5     -3    13350    13338    -21   1454  -1564
48        2        3        5      5    13350    13343      0   1453  -1566
49        3        1        4     -3    13346    13343    -72   1453  -1565
50        1        4        5      0    13340    13330     -9   1452  -1565
51        3        2        5      3    13346    13341     -9   1452  -1566
52        4        1        5     -4    13336    13339    -28   1452  -1564
53        1        4        5      1    13346    13338    -43   1452  -1564
54        3        1        4      1    13345    13330     -4   1451  -1564
55        3        1        4     -3    13334    13347     19   1451  -1563
56        1        5        6      2    13342    13339     -6   1452  -1564
57        3        1        4      0    13344    13351     32   1452  -1564
58        3        2        5     -2    13340    13341     20   1452  -1563
59        1        4        5      4    13343    13330    -26   1452  -1565
60        3        1        4     -1    13341    13345    -18   1452  -1565
61        2        2        4     -3    13341    13343    -17   1452  -1564
62        2        3        5      4    13335    13341     21   1452  -1566
63        4        1        5     -3    13337    13341     39   1452  -1565
64        2        3        5     -3    13335    13349     54   1452  -1564
65        2        2        4      3    13344    13338     63   1452  -1565
66        5        0        5     -4    13346    13339    -19   1453  -1563
67        1        4        5     -1    13349    13334    -28   1453  -1563
68        3        2        5      3    13340    13335    -58   1453  -1564
69        3        1        4     -3    13328    13349     27   1452  -1563
70        1        4        5      1    13340    13350     54   1452  -1563
71        3        2        5      2    13334    13348     -3   1453  -1564
72        4        1        5     -5    13332    13341     33   1453  -1562
73        1        4        5      2    13347    13330    -18   1454  -1563
74        4        1        5      0    13344    13338    -13   1454  -1563
75        3        1        4     -4    13337    13341     19   1454  -1561
76        1        3        4      2    13336    13341      6   1454  -1562
77        4        1        5     -1    13341    13334      3   1454  -1562
78        2        2        4     -4    13347    13346      3   1454  -1560
79        2        3        5      4    13341    13348     10   1454  -1562
80        4        1        5     -2    13336    13342     56   1454  -1561
81        2        2        4     -2    13336    13340     66   1454  -1560
82        1        3        4      3    13341    13336     63   1454  -1561
83        4        1        5     -2    13341    13337    -15   1455  -1560
84        2        4        6     -2    13347    13336    -12   1454  -1559
85        1        3        4      4    13338    13338    -40   1454  -1561
86        4        0        4     -2    13339    13341    -41   1454  -1560
87        1        4        5     -1    13337    13334    -54   1454  -1560
88        3        2        5      2    13340    13341    -75   1454  -1561
89        4        0        4     -3    13341    13348    -18   1453  -1560
90        1        4        5      0    13332    13354     52   1453  -1560
91        3        2        5      2    13337    13353     36   1454  -1561
92        3        1        4     -3    13347    13344      0   1455  -1560
93        1        4        5      2    13339    13341    -26   1455  -1561
94        3        2        5      1    13333    13347      7   1455  -1561
95        3        1        4     -3    13338    13347     24   1455  -1560
96        0        5        5      2    13337    13351     43   1455  -1561
97        4        1        5      1    13341    13344     71   1455  -1561
98        2        2        4     -2    13344    13346     51   1455  -1560
99        1        4        5      3    13342    13349     36   1455  -1561
 0        3        2        5      1    13343    13342     25   1455  -1561
 1        2        2        4     -3    13328    13349     76   1455  -1560
 2        1        4        5      4    13343    13343    -11   1456  -1562
 3        4        1        5     -1    13351    13342    -37   1456  -1562
 4        2        3        5     -1    13341    13335    -59   1456  -1562
 5        1        4        5      3    13344    13331      1   1455  -1563
 6        4        1        5     -1    13347    13340     -6   1455  -1563
 7        2        3        5     -2    13340    13333    -35   1455  -1562
 8        1        3        4      5    13345    13336    -55   1455  -1564
 9        3        1        4     -2    13339    13346    -48   1455  -1563
10        1        4        5     -1    13335    13337    -37   1455  -1563
11        2        3        5      4    13347    13338    -34   1455  -1565
12        3        1        4     -1    13335    13343     -4   1455  -1565
13        1        3        4     -2    13336    13350     43   1455  -1564
14        2        3        5      4    13330    13335     69   1455  -1566
15        4        1        5     -3    13345    13327    -51   1456  -1565
16        1        3        4     -1    13337    13346     10   1455  -1565
17        3        3        6      3    13336    13345     32   1455  -1566
18        4        0        4     -3    13346    13351     63   1455  -1565
19        1        4        5     -1    13341    13346     19   1456  -1565
20        3        2        5      3    13338    13355     50   1456  -1566
21        4        0        4     -4    13343    13341    -10   1457  -1564
22        1        4        5     -1    13343    13342    -51   1457  -1564
23        3        2        5      1    13350    13337    -12   1456  -1564
24        4        0        4     -3    13349    13340    -55   1456  -1563
25        1        5        6      1    13346    13337     -2   1455  -1563
26        3        1        4      2    13349    13343    -12   1455  -1564
27        4        1        5     -3    13347    13350     -3   1455  -1563
28        1        4        5      1    13331    13349     27   1455  -1563
29        3        2        5      1    13345    13334     43   1455  -1563
30        3        1        4     -3    13346    13341     -8   1456  -1562
31        1        5        6      2    13347    13349    -11   1456  -1563
32        3        1        4      1    13343    13339    -33   1456  -1563
33        3        2        5     -3    13332    13341    -24   1456  -1562
34        1        4        5      2    13342    13342    -19   1456  -1563
35        3        1        4      1    13333    13350      0   1456  -1563
36        4        2        6     -3    13329    13354     74   1456  -1562
37        0        4        4      3    13339    13351     63   1457  -1563
38        4        1        5     -1    13341    13340     -2   1458  -1563
39        2        2        4     -2    13345    13345    -68   1458  -1562
40        1        4        5      3    13336    13348     31   1457  -1563
41        3        1        4      0    13337    13347     63   1457  -1563
42        3        2        5     -3    13327    13345     70   1457  -1562
43        1        4        5      3    13337    13331    -16   1458  -1563
44        3        1        4      0    13345    13330    -46   1458  -1563
45        3        2        5     -4    13344    13335    -21   1457  -1561
46        1        4        5      4    13345    13339    -56   1457  -1563
47        3        1        4      0    13349    13356    -65   1457  -1563
48        3        2        5     -3    13340    13343    -61   1457  -1562
49        1        4        5      3    13335    13352     27   1456  -1563
50        3        1        4      0    13337    13355     30   1457  -1563
51        3        2        5     -3    13340    13352     33   1458  -1562
52        0        4        4      4    13329    13346      3   1459  -1564
53        4        1        5     -1    13339    13340     -5   1459  -1564
54        2        3        5     -2    13344    13342    -11   1459  -1563
55        1        4        5      4    13337    13340    -20   1459  -1565
56        3        0        3     -1    13329    13347     -5   1459  -1565
57        3        3        6     -3    13336    13342     -6   1459  -1564
58        1        3        4      3    13343    13342    -25   1459  -1565
59        4        1        5     -1    13335    13336      3   1458  -1565
60        3        2        5     -3    13343    13340    -16   1458  -1564
61        0        4        4      4    13333    13336     -9   1458  -1566
62        4        1        5     -1    13333    13346     10   1458  -1566
63        3        2        5     -3    13335    13344     60   1458  -1565
64        1        4        5      3    13343    13340     -1   1459  -1566
65        4        0        4     -2    13349    13336    -33   1459  -1565
66        2        2        4     -2    13342    13344    -27   1459  -1564
67        1        4        5      3    13343    13340    -40   1459  -1565
68        4        1        5     -1    13345    13344    -36   1459  -1565
69        2        3        5     -2    13341    13346     11   1458  -1564
70        1        4        5      4    13337    13350     45   1458  -1566
71        4        1        5     -1    13341    13340     34   1458  -1566
72        3        2        5     -4    13345    13348     46   1458  -1564
73        1        4        5      3    13343    13347     49   1458  -1565
74        3        1        4      1    13337    13346      2   1459  -1565
75        3        2        5     -3    13354    13347     17   1459  -1564
76        1        4        5      3    13343    13341     55   1459  -1565
77        4        1        5     -1    13336    13332     61   1459  -1565
78        2        1        3     -3    13344    13349     61   1459  -1564
79        1        4        5      3    13343    13350     52   1459  -1565
80        4        1        5     -1    13346    13342     74   1459  -1565
81        3        2        5     -3    13340    13353    -11   1460  -1564
82        0        4        4      4    13344    13329    -51   1460  -1566
83        4        1        5     -1    13336    13341      2   1459  -1566
84        2        2        4     -2    13343    13347     -8   1459  -1565
85        1        4        5      3    13346    13333    -49   1459  -1566
86        3        1        4      0    13345    13326    -13   1458  -1566
87        3        2        5     -2    13334    13351    -29   1458  -1565
88        0        5        5      4    13338    13356      1   1458  -1567
89        3        2        5      1    13345    13344      4   1458  -1567
90        3        2        5     -3    13344    13343     23   1458  -1566
91        0        4        4      3    13345    13350     54   1458  -1567
92        3        2        5      2    13341    13347     59   1458  -1568
93        3        2        5     -3    13334    13333     -1   1459  -1567
94        0        4        4      3    13334    13342     -9   1459  -1568
95        3        2        5      2    13338    13342     -1   1459  -1569
96        3        1        4     -3    13338    13342      5   1459  -1568
97        0        5        5      2    13335    13345     40   1459  -1569
98        3        1        4      2    13328    13343      3   1460  -1570
99        3        1        4     -3    13341    13342    -28   1460  -1569
 0        1        4        5      0    13344    13331    -59   1460  -1569
 1        4        1        5      1    13338    13343     -8   1459  -1569
 2        4        0        4     -4    13343    13343     24   1459  -1567
 3        0        4        4      0    13334    13330     54   1459  -1567
 4        4        1        5      1    13342    13337     58   1459  -1567
 5        4        1        5     -3    13346    13338      8   1459  -1566
 6        1        4        5     -1    13345    13337    -14   1459  -1566
 7        3        1        4      1    13334    13347    -15   1459  -1566
 8        4        1        5     -3    13336    13351     29   1459  -1565
 9        1        3        4     -1    13337    13343     35   1459  -1565
10        3        2        5      3    13344    13346      8   1460  -1566
11        4        0        4     -5    13330    13357     57   1460  -1564
12        2        4        6     -1    13341    13343     66   1460  -1564
13        2        1        3      2    13346    13338     67   1460  -1565
14        5        1        6     -3    13341    13341      5   1461  -1564
15        1        3        4     -2    13342    13341     20   1461  -1563
16        3        2        5      2    13343    13332    -22   1461  -1564
17        4        0        4     -3    13333    13332    -58   1461  -1563
18        1        3        4     -2    13339    13340      7   1460  -1562
19        2        3        5      4    13340    13340    -13   1460  -1564
20        4        1        5     -2    13336    13345     11   1460  -1563
21        2        2        4     -3    13334    13343      8   1460  -1562
22        2        4        6      4    13352    13340    -22   1460  -1564
23        3        1        4     -1    13349    13338    -47   1460  -1564
24        2        2        4     -3    13339    13338    -62   1460  -1563
25        1        4        5      4    13334    13338    -47   1460  -1565
26        4        1        5     -1    13343    13348    -10   1460  -1565
27        2        3        5     -1    13350    13337    -16   1460  -1565
28        0        4        4      4    13346    13342     14   1460  -1567
29        4        1        5     -1    13343    13328    -51   1460  -1567
30        2        2        4     -2    13345    13345      3   1459  -1566
31        1        4        5      3    13339    13342     14   1459  -1567
32        4        1        5     -1    13346    13342    -35   1459  -1567
33        3        1        4     -2    13346    13343    -43   1459  -1566
34        0        5        5      1    13348    13345    -40   1459  -1566
35        4        1        5      1    13339    13340    -49   1459  -1566
36        3        1        4     -3    13339    13342    -27   1459  -1565
37        1        4        5      0    13339    13346    -20   1459  -1565
38        4        1        5      1    13346    13339    -41   1459  -1565
39        4        1        5     -4    13333    13356     43   1458  -1563
40        1        3        4     -1    13336    13346     25   1459  -1563
41        3        2        5      3    13336    13340     42   1459  -1564
42        4        0        4     -4    13330    13348      9   1460  -1562
43        2        4        6     -2    13342    13324    -27   1460  -1561
44        2        2        4      3    13342    13344    -33   1460  -1562
45        4        1        5     -2    13346    13342    -12   1460  -1561
46        2        3        5     -3    13344    13342     17   1460  -1560
47        3        2        5      2    13333    13351     77   1460  -1561
48        4        1        5     -2    13334    13349     31   1461  -1560
49        3        2        5     -4    13340    13353      4   1462  -1558
50        1        3        4      3    13336    13348     31   1462  -1559
51        4        1        5     -1    13347    13334     -9   1462  -1559
52        3        2        5     -4    13349    13336    -69   1462  -1557
53        1        3        4      2    13340    13347     12   1461  -1558
54        5        1        6     -1    13348    13345     -2   1461  -1558
55        3        1        4     -4    13343    13346     13   1461  -1556
56        1        4        5      3    13339    13346     16   1461  -1557
57        3        1        4      0    13340    13347      0   1462  -1557
58        4        1        5     -4    13337    13351     54   1462  -1555
59        1        4        5      1    13336    13351      3   1463  -1555
60        3        1        4      1    13337    13348     41   1463  -1555
61        3        1        4     -2    13342    13335     29   1463  -1554
62        1        4        5      0    13349    13328    -44   1463  -1554
63        2        3        5      3    13347    13339    -26   1462  -1555
64        4        1        5     -2    13345    13342    -60   1462  -1554
65        1        4        5      0    13347    13345     -9   1461  -1554
66        1        3        4      3    13338    13327    -15   1461  -1555
67        4        1        5     -1    13347    13326    -56   1461  -1555
68        1        3        4     -1    13335    13341     10   1460  -1555
69        1        4        5      4    13340    13341     14   1460  -1557
70        4        1        5     -1    13337    13346     71   1460  -1557
71        2        3        5     -2    13330    13347     31   1461  -1556
72        0        4        4      4    13332    13345     49   1461  -1558
73        4        1        5      0    13337    13339     -6   1462  -1558
74        2        2        4     -2    13337    13334      8   1462  -1557
75        0        4        4      3    13341    13333     32   1462  -1558
76        3        2        5      2    13340    13358     10   1463  -1559
77        3        2        5     -2    13342    13338     42   1463  -1558
78        0        4        4      1    13342    13345     50   1463  -1558
79        2        2        4      4    13346    13323    -27   1463  -1560
80        3        2        5     -1    13341    13348    -38   1463  -1560
81        0        5        5      1    13338    13353     19   1462  -1560
82        2        3        5      4    13339    13350     53   1462  -1562
83        3        1        4     -1    13355    13323     21   1462  -1562
84        0        4        4      0    13341    13325    -42   1462  -1562
85        2        4        6      5    13341    13358    -34   1462  -1564
86        3        1        4     -1    13337    13353     -1   1462  -1564
87        2        3        5     -1    13340    13344     55   1462  -1564
88        1        4        5      3    13338    13334     15   1463  -1565
89        3        2        5      1    13346    13325    -41   1463  -1565
90        3        2        5     -3    13347    13324     -8   1462  -1564
91        0        5        5      4    13339    13356      3   1462  -1566
92        2        1        3      2    13330    13360     34   1462  -1567
93        4        2        6     -3    13349    13337    -11   1463  -1566
94        0        4        4      1    13338    13353     55   1463  -1566
95        3        2        5      3    13347    13331     -8   1464  -1567
96        3        1        4     -3    13355    13338    -62   1464  -1566
97        1        4        5      0    13345    13342      3   1463  -1566
98        3        2        5      3    13338    13344     25   1463  -1567
99        4        1        5     -3    13345    13341     21   1463  -1566
 0        1        2        3     -2    13345    13342     45   1463  -1565
 1        2        3        5      3    13339    13353     66   1463  -1566
 2        4        1        5     -2    13339    13342     20   1464  -1565
 3        3        2        5     -3    13337    13338      3   1464  -1564
 4        1        3        4      2    13348    13342     -9   1464  -1565
 5        4        1        5     -1    13345    13340    -39   1464  -1565
 6        3        2        5     -3    13332    13341     19   1463  -1564
 7        1        4        5      2    13343    13355     23   1463  -1565
 8        3        1        4      1    13337    13340      0   1463  -1565
 9        4        1        5     -4    13336    13340      2   1463  -1563
10        1        4        5      0    13339    13350     29   1463  -1563
11        3        1        4      2    13344    13343     50   1463  -1564
12        4        1        5     -3    13338    13357      6   1464  -1563
13        2        3        5     -3    13346    13344     -2   1464  -1562
14        2        2        4      3    13336    13343     14   1464  -1563
15        4        1        5     -2    13345    13338     49   1464  -1562
16        3        2        5     -4    13336    13342      3   1465  -1560
17        1        3        4      3    13344    13347    -15   1465  -1561
18        4        1        5     -1    13343    13340    -36   1465  -1561
19        3        1        4     -4    13343    13346    -40   1464  -1559
20        0        4        4      3    13335    13352     14   1463  -1560
21        4        1        5      0    13333    13355     54   1463  -1560
22        4        1        5     -3    13339    13343     73   1463  -1559
23        1        4        5      0    13343    13334     -8   1464  -1559
24        2        2        4      1    13344    13349    -23   1464  -1559
25        4        1        5     -1    13343    13346    -20   1464  -1559
26        2        3        5     -2    13343    13356     -5   1464  -1558
27        1        3        4      3    13333    13358     41   1464  -1559
28        4        1        5     -1    13340    13352     71   1464  -1559
29        2        2        4     -2    13345    13349     57   1464  -1558
30        1        4        5      3    13345    13337     38   1464  -1559
31        3        1        4      0    13335    13346     33   1464  -1559
32        3        1        4     -3    13350    13343     37   1464  -1558
33        1        4        5      2    13342    13344     46   1464  -1559
34        3        2        5      1    13348    13338    -13   1465  -1559
35        3        1        4     -2    13346    13335      0   1465  -1558
36        0        4        4      0    13342    13354     10   1465  -1558
37        3        2        5      3    13340    13337     22   1465  -1559
38        3        1        4     -2    13336    13334      7   1465  -1558
39        1        3        4     -1    13348    13342    -39   1465  -1558
40        1        4        5      4    13345    13337    -65   1465  -1560
41        3        1        4     -1    13336    13343     30   1464  -1560
42        3        3        6     -2    13342    13353     73   1464  -1559
43        0        4        4      4    13342    13345     -1   1465  -1561
44        3        1        4      1    13347    13344     -7   1465  -1561
45        3        1        4     -3    13339    13353     28   1465  -1560
46        1        5        6      2    13351    13343     19   1465  -1561
47        2        1        3      1    13346    13337    -31   1465  -1561
48        4        1        5     -2    13346    13338    -57   1465  -1560
49        1        4        5     -1    13339    13348     -1   1464  -1560
50        1        3        4      4    13344    13330     -5   1464  -1562
51        4        1        5     -1    13343    13344     -3   1464  -1562
52        3        2        5     -3    13332    13353     56   1464  -1561
53        1        4        5      3    13334    13348     49   1465  -1562
54        3        1        4      0    13345    13348     54   1465  -1562
55        4        2        6     -3    13330    13339     18   1466  -1561
56        0        4        4      2    13350    13342      7   1466  -1562
57        3        2        5      2    13345    13336    -28   1466  -1563
58        4        1        5     -3    13350    13335     -1   1465  -1562
59        0        4        4      0    13337    13340    -12   1465  -1562
60        2        3        5      5    13338    13351     10   1465  -1564
61        3        1        4     -2    13335    13334     63   1465  -1563
62        2        4        6     -1    13346    13349      3   1466  -1563
63        1        3        4      3    13339    13341     17   1466  -1564
64        3        1        4      0    13349    13338     -8   1466  -1564
65        3        2        5     -3    13338    13348     -4   1466  -1563
66        0        4        4      3    13347    13344    -47   1466  -1564
67        4        2        6      1    13342    13333    -12   1465  -1564
68        3        1        4     -3    13346    13347     -3   1465  -1563
69        1        4        5      0    13342    13330      3   1464  -1563
70        3        2        5      3    13336    13348     17   1464  -1564
71        3        1        4     -2    13345    13359     55   1464  -1563
72        2        3        5     -2    13338    13351     48   1465  -1562
73        1        3        4      4    13342    13341     12   1466  -1564
74        4        2        6     -1    13339    13346     -5   1466  -1564
75        3        1        4     -3    13339    13348      9   1466  -1563
76        0        4        4      2    13335    13337     48   1466  -1564
77        3        2        5      2    13333    13338     61   1466  -1565
78        4        1        5     -3    13333    13351      2   1467  -1564
79        0        4        4      0    13342    13348     13   1466  -1564
80        2        2        4      3    13351    13346    -20   1466  -1565
81        4        1        5     -2    13351    13336    -20   1466  -1564
82        2        3        5     -1    13340    13345    -14   1466  -1564
83        1        4        5      3    13357    13338     -1   1465  -1565
84        3        1        4      0    13351    13340     18   1465  -1565
85        3        2        5     -3    13345    13350     54   1465  -1564
86        1        4        5      3    13346    13341     -8   1466  -1565
87        3        2        5      1    13341    13346     11   1466  -1565
88        3        1        4     -2    13336    13351     68   1466  -1564
89        1        4        5     -1    13335    13349      3   1467  -1564
90        2        3        5      3    13347    13342    -15   1467  -1565
91        4        1        5     -1    13351    13328    -66   1467  -1565
92        2        2        4     -2    13343    13340    -35   1466  -1564
93        1        4        5      3    13340    13346    -70   1466  -1565
94        4        1        5     -1    13345    13348    -11   1465  -1565
95        3        1        4     -2    13345    13345    -21   1465  -1564
96        0        5        5      1    13347    13353     19   1465  -1564
97        3        1        4      2    13342    13347     48   1465  -1565
98        4        1        5     -3    13338    13338      2   1466  -1564
99        1        3        4     -2    13340    13359     30   1466  -1563
 0        3        3        6      3    13344    13349     42   1466  -1564
 1        4        0        4     -3    13347    13350      0   1467  -1563
 2        2        2        4     -2    13342    13335     -6   1467  -1562
 3        1        4        5      1    13347    13346    -11   1467  -1562
 4        4        1        5      1    13343    13338    -24   1467  -1562
 5        3        1        4     -3    13337    13352    -30   1467  -1561
 6        1        4        5      0    13347    13330    -40   1467  -1561
 7        3        2        5      2    13345    13332    -76   1467  -1562
 8        3        1        4     -2    13346    13333    -11   1466  -1561
 9        2        2        4     -2    13347    13339    -45   1466  -1560
10        2        3        5      2    13346    13339    -74   1466  -1561
11        4        1        5     -1    13338    13344    -40   1466  -1561
12        3        2        5     -2    13348    13343     -5   1466  -1560
13        1        4        5      1    13342    13346     28   1466  -1560
14        2        2        4      1    13336    13353     66   1466  -1560
15        4        1        5     -2    13342    13329    -14   1467  -1559
16        1        3        4     -1    13333    13340     18   1467  -1559
17        2        3        5      3    13348    13329    -13   1467  -1560
18        4        1        5     -1    13351    13328     -6   1466  -1560
19        2        2        4     -2    13338    13335    -50   1466  -1559
20        1        4        5      3    13347    13340    -43   1466  -1560
21        3        2        5      0    13333    13339    -26   1466  -1560
22        3        1        4     -3    13340    13335    -54   1466  -1559
23        1        3        4      1    13347    13338     -2   1465  -1559
24        2        3        5      3    13356    13345    -24   1465  -1560
25        4        1        5     -2    13341    13344     -8   1465  -1559
26        2        2        4     -2    13345    13353     58   1465  -1558
27        1        4        5      3    13343    13337    -14   1466  -1559
28        3        2        5      1    13347    13338    -30   1466  -1559
29        3        1        4     -3    13341    13348     11   1465  -1558
30        1        4        5      0    13339    13348     38   1465  -1558
31        3        2        5      2    13340    13345     41   1465  -1559
32        4        0        4     -3    13337    13344     -2   1466  -1558
33        2        3        5     -2    13340    13347    -13   1466  -1557
34        1        4        5      4    13335    13342     -1   1466  -1559
35        4        1        5     -1    13347    13337    -33   1466  -1559
36        2        1        3     -2    13351    13348    -55   1466  -1558
37        1        5        6      2    13358    13347     -3   1465  -1559
38        2        2        4      2    13342    13342      1   1465  -1560
39        4        1        5     -2    13344    13344    -38   1465  -1559
40        1        4        5     -1    13342    13339    -19   1465  -1559
41        1        3        4      4    13334    13362     22   1465  -1561
42        4        2        6      0    13338    13342     27   1465  -1561
43        2        2        4     -2    13337    13355     66   1465  -1560
44        1        5        6      3    13347    13344    -15   1466  -1561
45        2        2        4      3    13337    13354     16   1466  -1562
46        3        2        5     -1    13333    13336     39   1466  -1562
47        1        4        5      0    13337    13334     37   1466  -1562
48        1        4        5      4    13353    13334      0   1466  -1564
49        3        1        4      0    13344    13345    -10   1466  -1564
50        2        3        5     -1    13350    13345    -43   1466  -1564
51        0        5        5      3    13349    13358    -56   1466  -1565
52        2        2        4      3    13345    13338    -71   1466  -1566
53        3        1        4     -2    13340    13344     25   1465  -1565
54        1        5        6      1    13351    13362     60   1465  -1565
55        1        4        5      5    13349    13338     32   1465  -1567
56        3        1        4      0    13344    13345     20   1465  -1567
57        1        3        4      0    13337    13334     27   1465  -1567
58        0        4        4      3    13338    13342     76   1465  -1568
59        3        2        5      2    13334    13338     12   1466  -1569
60        3        2        5     -1    13347    13355     27   1466  -1569
61        1        4        5     -1    13338    13328     10   1466  -1569
62        1        3        4      4    13349    13324    -50   1466  -1571
63        4        1        5     -1    13345    13348      4   1465  -1571
64        2        2        4     -2    13347    13333    -36   1465  -1570
65        1        4        5      3    13341    13344    -43   1465  -1571
66        3        2        5      1    13347    13337    -52   1465  -1571
67        3        2        5     -2    13344    13342     -9   1464  -1570
68        1        3        4     -1    13347    13322    -72   1464  -1570
69        2        3        5      3    13342    13340    -76   1463  -1571
70        4        1        5     -1    13343    13350      9   1462  -1571
