45      -98      102        4    201    13355    13341     44   2876
46      -98      103        5    200    13322    13393    -13   2878
47      -97      103        6    201    13324    13411     18   2879
48      -98      102        4    199    13336    13403     21   2881
49      -97      103        6    201    13326    13423      9   2883
50      -98      103        5    201    13374    13355     -6   2882
51      -97      102        5    199    13334    13407     14   2883
52      -98      103        5    201    13332    13408     18   2883
53      -98      102        4    200    13356    13370     25   2882
54      -98      103        5    200    13358    13369     23   2882
55      -97      103        6    200    13359    13373    -32   2882
56      -98      103        5    201    13345    13377     49   2881
57      -98      102        4    201    13350    13381     53   2880
58      -98      103        5    200    13364    13341     -7   2882
59      -97      103        6    200    13346    13371     -4   2881
60      -98      103        5    201    13368    13345    -46   2879
61      -98      102        4    201    13340    13379    -20   2878
62      -98      103        5    199    13354    13377    -14   2878
63      -97      102        5    201    13376    13337    -60   2877
64      -98      103        5    201    13360    13357    -18   2876
65      -98      103        5    201    13324    13401     14   2877
66      -97      103        6    199    13357    13345     23   2878
67      -98      102        4    201    13326    13397     38   2879
68      -98      103        5    201    13350    13383     49   2880
69      -98      103        5    200    13340    13383     50   2881
70      -98      103        5    200    13358    13343     -2   2883
71      -98      102        4    201    13402    13322    -53   2881
72      -98      103        5    201    13338    13379     27   2879
73      -97      103        6    200    13330    13376    -10   2879
74      -98      103        5    202    13333    13405     58   2879
75      -98      103        5    200    13337    13395     20   2879
76      -98      102        4    201    13370    13357    -33   2880
77      -98      103        5    201    13342    13383      1   2880
78      -98      103        5    201    13352    13389     46   2878
79      -98      103        5    201    13354    13359     18   2879
80      -98      103        5    200    13348    13383     19   2879
81      -98      103        5    200    13346    13389     19   2879
82      -98      103        5    201    13362    13354     46   2879
83      -97      103        6    201    13372    13357    -73   2879
84      -98      102        4    201    13360    13371     34   2879
85      -98      103        5    201    13338    13379     46   2878
86      -98      103        5    201    13366    13359    -18   2879
87      -98      103        5    201    13350    13386     34   2879
88      -98      103        5    201    13360    13383     -9   2880
89      -98      103        5    200    13354    13387     29   2880
90      -97      103        6    201    13358    13348    -14   2881
91      -98      102        4    200    13336    13391     12   2881
92      -98      103        5    201    13375    13325      1   2879
93      -98      103        5    201    13393    13325    -68   2879
94      -98      103        5    200    13362    13355      5   2879
95      -97      102        5    200    13371    13342     32   2878
96      -98      103        5    201    13342    13377     47   2877
97      -98      103        5    201    13352    13378     35   2878
98      -98      103        5    201    13328    13405      5   2879
99      -98      103        5    201    13372    13361    -16   2879
 0      -98      103        5    201    13380    13337    -55   2879
 1      -98      103        5    201    13345    13399      7   2878
 2      -98      103        5    201    13350    13387     21   2880
 3      -98      104        6    201    13372    13345      1   2880
 4      -97      102        5    200    13360    13361    -42   2880
 5      -98      103        5    201    13356    13393     66   2880
 6      -98      103        5    201    13360    13361    -10   2882
 7      -98      103        5    201    13320    13414      4   2883
 8      -98      103        5    201    13349    13377     37   2883
 9      -98      103        5    201    13373    13345     -5   2883
10      -98      103        5    199    13330    13417     10   2881
11      -97      102        5    201    13341    13416      5   2880
12      -98      103        5    201    13363    13357    -34   2881
13      -97      103        6    199    13385    13325    -76   2881
14      -98      102        4    201    13345    13391     71   2879
15      -98      103        5    200    13332    13394     25   2882
16      -97      103        6    201    13356    13381     14   2883
17      -98      103        5    200    13336    13371     17   2885
18      -98      102        4    201    13385    13332    -74   2885
19      -98      103        5    201    13366    13343    -73   2884
20      -98      103        5    199    13348    13380      8   2883
21      -97      102        5    201    13362    13379    -12   2882
22      -98      103        5    201    13361    13379    -11   2882
23      -98      102        4    200    13364    13377      8   2881
24      -98      103        5    201    13327    13417      0   2881
25      -98      102        4    200    13344    13390      3   2881
26      -98      103        5    201    13365    13345     -6   2881
27      -98      102        4    200    13338    13387     16   2881
28      -98      103        5    201    13332    13421     15   2882
29      -98      103        5    201    13348    13375     16   2882
30      -98      103        5    200    13354    13377    -36   2882
31      -98      103        5    200    13340    13385     15   2881
32      -98      103        5    201    13352    13393    -28   2881
33      -98      103        5    201    13362    13355    -38   2881
34      -97      102        5    201    13332    13423     66   2880
35      -98      103        5    201    13348    13395     21   2881
36      -98      102        4    200    13328    13421     23   2881
37      -98      103        5    200    13328    13414     11   2882
38      -97      103        6    201    13346    13361     44   2881
39      -98      103        5    200    13362    13345    -11   2881
40      -98      102        4    200    13344    13370      9   2881
41      -97      103        6    201    13367    13355    -13   2880
42      -98      103        5    200    13358    13382     50   2879
43      -98      102        4    201    13368    13355     -7   2880
44      -98      103        5    200    13366    13363     27   2880
45      -97      102        5    200    13340    13385     18   2879
46      -98      103        5    201    13324    13421     12   2881
47      -98      103        5    199    13358    13357     28   2881
48      -97      102        5    201    13334    13413      0   2882
49      -98      103        5    201    13360    13361    -33   2881
50      -98      103        5    201    13335    13385     12   2882
51      -98      102        4    200    13358    13385    -10   2881
52      -98      103        5    201    13348    13375     18   2880
53      -98      103        5    201    13368    13356     -2   2880
54      -97      102        5    199    13336    13394     66   2880
55      -98      103        5    201    13347    13389      3   2881
56      -98      103        5    200    13346    13387     21   2881
57      -97      102        5    200    13350    13387      0   2880
58      -98      103        5    201    13328    13410     66   2880
59      -98      103        5    201    13362    13353     12   2881
60      -98      103        5    200    13355    13383     38   2881
61      -98      103        5    200    13362    13371     32   2881
62      -97      102        5    201    13356    13381     16   2883
63      -98      103        5    201    13378    13329    -48   2883
64      -98      103        5    201    13330    13415     37   2883
65      -98      103        5    200    13352    13373     -3   2883
66      -98      102        4    201    13320    13417     56   2883
67      -98      103        5    201    13352    13383     34   2884
68      -98      103        5    201    13366    13355    -14   2883
69      -98      103        5    201    13392    13325    -52   2881
70      -98      103        5    201    13346    13358    -34   2881
71      -98      103        5    200    13340    13388     67   2881
72      -98      102        4    200    13342    13386     13   2882
73      -97      103        6    200    13340    13381     13   2882
74      -98      102        4    201    13339    13399     44   2881
75      -98      103        5    200    13362    13361    -12   2881
76      -98      102        4    200    13361    13359     67   2881
77      -97      103        6    201    13362    13375    -29   2883
78      -98      103        5    200    13342    13389     56   2882
79      -98      102        4    201    13354    13379     50   2882
80      -98      103        5    200    13352    13375    -31   2882
81      -98      102        4    200    13334    13375     42   2880
82      -97      103        6    200    13346    13387     14   2881
83      -98      102        4    201    13347    13377    -23   2882
84      -97      102        5    199    13351    13378     34   2881
85      -98      103        5    200    13361    13383     29   2883
86      -97      103        6    200    13332    13401     49   2882
87      -98      102        4    200    13375    13352    -39   2882
88      -97      103        6    201    13332    13413      3   2882
89      -98      102        4    199    13340    13376     35   2883
90      -97      103        6    201    13324    13411     69   2883
91      -98      102        4    199    13377    13333    -15   2883
92      -97      103        6    201    13332    13406     14   2883
93      -98      102        4    200    13364    13335    -37   2883
94      -98      103        5    201    13366    13351    -33   2883
95      -98      103        5    199    13368    13362    -34   2883
96      -97      102        5    201    13366    13357    -30   2882
97      -98      103        5    201    13361    13367    -17   2882
98      -98      103        5    200    13378    13335    -58   2881
99      -98      102        4    201    13344    13393     71   2881
