14      -14       11       -3     25    12556    12560    -24    651
15      -14       10       -4     24    12566    12550    -31    651
16      -14       10       -4     24    12566    12546    -10    650
17      -15       10       -5     25    12556    12554    -47    650
18      -14       10       -4     24    12558    12554    -37    650
19      -14        9       -5     23    12558    12552    -14    650
20      -14       10       -4     24    12564    12554    -38    650
21      -15       11       -4     26    12550    12560    -37    650
22      -14       10       -4     24    12550    12562      2    650
23      -14       10       -4     24    12551    12564     59    650
24      -15       10       -5     25    12552    12558     12    651
25      -14       10       -4     24    12554    12555     10    651
26      -15       11       -4     26    12554    12562     41    651
27      -14       10       -4     24    12554    12556     74    651
28      -15       10       -5     25    12562    12554     -7    652
29      -14       11       -3     25    12554    12560    -17    652
30      -14       10       -4     24    12554    12555    -13    652
31      -15       10       -5     25    12554    12562      0    652
32      -14       10       -4     24    12556    12556     45    652
33      -14       10       -4     24    12558    12562      0    653
34      -14       10       -4     24    12556    12554     -5    653
35      -14       10       -4     24    12552    12554      9    653
36      -14       10       -4     24    12556    12556     26    653
37      -15       10       -5     25    12554    12562    -11    653
38      -14       10       -4     24    12557    12560     10    653
39      -14       10       -4     24    12560    12548    -32    653
40      -15       10       -5     25    12557    12548     -6    652
41      -14       10       -4     24    12561    12548    -53    652
42      -15       10       -5     25    12564    12550    -30    651
43      -14       11       -3     25    12560    12548     -5    650
44      -14       10       -4     24    12562    12552    -42    650
45      -15       10       -5     25    12552    12558    -57    650
46      -14       10       -4     24    12560    12554    -70    650
47      -14       10       -4     24    12550    12562    -28    650
48      -14        9       -5     23    12558    12556    -13    650
49      -14       10       -4     24    12554    12554    -14    650
50      -14       10       -4     24    12548    12555    -19    650
51      -14       10       -4     24    12555    12560     10    650
52      -14        9       -5     23    12548    12560     35    650
53      -14       10       -4     24    12548    12558     14    651
54      -14       10       -4     24    12545    12562     76    651
55      -14        9       -5     23    12546    12557     56    652
56      -14       10       -4     24    12554    12556     58    652
57      -14       10       -4     24    12560    12544     28    652
58      -15       10       -5     25    12550    12558     12    652
59      -14       10       -4     24    12552    12560     33    652
60      -14       10       -4     24    12558    12554     45    652
61      -14        9       -5     23    12558    12562     62    652
62      -14       10       -4     24    12554    12560      0    653
63      -14       10       -4     24    12562    12555    -13    653
64      -14       10       -4     24    12559    12554    -15    653
65      -14       10       -4     24    12562    12551    -74    653
66      -14       10       -4     24    12556    12556    -32    652
67      -14       10       -4     24    12566    12556    -69    652
68      -14        9       -5     23    12562    12561    -62    652
69      -14       10       -4     24    12548    12565     36    651
70      -14       10       -4     24    12550    12559     70    651
71      -13       10       -3     23    12555    12556     66    651
72      -14        9       -5     23    12558    12552     -6    652
73      -14       10       -4     24    12562    12556    -37    652
74      -14       10       -4     24    12554    12560    -41    652
75      -14        9       -5     23    12550    12560    -12    652
76      -14       10       -4     24    12562    12562      2    652
77      -14       10       -4     24    12548    12560     50    652
78      -14        9       -5     23    12558    12560     67    652
79      -14       10       -4     24    12562    12551    -20    653
80      -13       10       -3     23    12555    12548    -24    652
81      -14        9       -5     23    12554    12546    -24    651
82      -14       10       -4     24    12563    12552    -54    651
83      -14       10       -4     24    12565    12560     -7    650
84      -14        9       -5     23    12556    12561     57    650
85      -13        9       -4     22    12553    12565     23    651
86      -14       10       -4     24    12571    12561     30    651
87      -13        9       -4     22    12545    12557     61    651
88      -14        9       -5     23    12562    12563     54    651
89      -13       10       -3     23    12559    12558     15    652
90      -14        9       -5     23    12551    12559     51    652
91      -14        9       -5     23    12553    12555     51    652
92      -13       10       -3     23    12548    12557     20    653
93      -14        9       -5     23    12555    12555     46    653
94      -14       10       -4     24    12558    12559     59    653
95      -13        9       -4     22    12561    12556     41    653
96      -14       10       -4     24    12552    12554     50    653
97      -14       10       -4     24    12560    12557     49    653
98      -14        9       -5     23    12568    12552     38    653
99      -14       10       -4     24    12558    12551     -1    653
 0      -14        9       -5     23    12569    12550    -25    653
 1      -14       10       -4     24    12553    12544    -72    653
 2      -14        9       -5     23    12555    12553     -7    652
 3      -14       10       -4     24    12570    12549    -40    652
 4      -14        9       -5     23    12556    12555    -66    652
 5      -13       10       -3     23    12555    12556     12    651
 6      -14       10       -4     24    12555    12558     -1    651
 7      -14        9       -5     23    12566    12553    -25    651
 8      -14       10       -4     24    12566    12556    -63    651
 9      -13        9       -4     22    12571    12555    -10    650
10      -14       10       -4     24    12552    12548    -17    650
11      -14        9       -5     23    12557    12556    -25    650
12      -13        9       -4     22    12551    12550    -35    650
13      -14        9       -5     23    12547    12547     -8    650
14      -13        9       -4     22    12567    12553    -40    650
15      -14        9       -5     23    12557    12551    -41    650
16      -13       10       -3     23    12553    12554    -22    650
17      -14        9       -5     23    12547    12557      3    650
18      -13        9       -4     22    12545    12559     35    650
19      -14       10       -4     24    12565    12563     52    650
20      -14        9       -5     23    12557    12559      0    651
21      -13       10       -3     23    12551    12561     17    651
22      -14        9       -5     23    12550    12571     60    651
23      -14       10       -4     24    12548    12567     75    651
24      -14       10       -4     24    12540    12564     58    652
25      -14        9       -5     23    12560    12552     59    652
26      -14       10       -4     24    12552    12553     -1    653
27      -14        9       -5     23    12560    12557    -21    653
28      -14       10       -4     24    12562    12559      8    653
29      -13       10       -3     23    12567    12559    -12    653
30      -14       10       -4     24    12557    12556    -68    653
31      -15        9       -6     24    12560    12557     -3    652
32      -14       10       -4     24    12564    12548    -33    652
33      -14       10       -4     24    12558    12550    -38    652
34      -14       10       -4     24    12552    12547    -75    652
35      -15       10       -5     25    12560    12556    -39    651
36      -14       10       -4     24    12554    12556    -39    651
37      -15       10       -5     25    12550    12569      3    651
38      -14       11       -3     25    12554    12566     61    651
39      -15       10       -5     25    12546    12564     18    652
40      -14       10       -4     24    12550    12556     35    652
41      -15       11       -4     26    12556    12556     69    652
42      -14       10       -4     24    12561    12552    -43    653
43      -15       10       -5     25    12560    12548    -22    652
44      -14       10       -4     24    12562    12554    -69    652
45      -15       11       -4     26    12550    12558    -52    652
46      -14       10       -4     24    12554    12560    -19    652
47      -14       10       -4     24    12559    12560    -22    652
48      -15       10       -5     25    12551    12560     -2    652
49      -14       10       -4     24    12552    12561     -3    653
50      -15       10       -5     25    12554    12554      4    653
51      -14       11       -3     25    12558    12550    -27    653
52      -15       10       -5     25    12561    12546    -59    653
53      -14       10       -4     24    12560    12554     -2    652
54      -15       10       -5     25    12552    12560     19    652
55      -14       11       -3     25    12550    12564     66    652
56      -15       10       -5     25    12554    12560     72    652
57      -14       10       -4     24    12562    12549    -31    653
58      -14       10       -4     24    12563    12546    -74    653
59      -14       10       -4     24    12550    12551    -22    652
60      -14       10       -4     24    12545    12554     14    651
61      -15        9       -6     24    12550    12557     -3    651
62      -14       10       -4     24    12556    12555    -34    651
63      -13        9       -4     22    12561    12559     -7    651
64      -14       10       -4     24    12553    12556     26    651
65      -15       10       -5     25    12568    12553      4    651
66      -14       10       -4     24    12564    12550    -49    651
67      -13        9       -4     22    12565    12557     -6    650
68      -14       10       -4     24    12561    12555      5    650
69      -14       10       -4     24    12564    12554    -66    650
70      -14        9       -5     23    12546    12556    -32    650
71      -14       10       -4     24    12561    12567    -15    650
72      -14       10       -4     24    12553    12561     16    650
73      -14        9       -5     23    12557    12557    -11    650
74      -15       10       -5     25    12544    12555    -11    650
75      -14       10       -4     24    12564    12558    -13    650
76      -14       10       -4     24    12551    12553     30    650
77      -14       10       -4     24    12553    12559     54    650
78      -14        9       -5     23    12552    12555     62    650
79      -14       10       -4     24    12568    12559     26    650
80      -14       10       -4     24    12558    12558     17    650
81      -15       10       -5     25    12560    12560     38    650
82      -14       10       -4     24    12552    12559     -4    651
83      -14       10       -4     24    12554    12565     38    651
84      -14       10       -4     24    12553    12558      8    652
85      -15       10       -5     25    12552    12553     31    652
86      -14       10       -4     24    12554    12550     24    652
87      -14       10       -4     24    12558    12552    -19    652
88      -15       10       -5     25    12552    12548    -47    652
89      -14       10       -4     24    12556    12556    -64    652
90      -14       10       -4     24    12561    12549    -38    651
91      -15       10       -5     25    12556    12548    -53    651
92      -14       11       -3     25    12558    12558      6    650
93      -15       10       -5     25    12556    12554      3    650
94      -14       10       -4     24    12554    12560      5    650
95      -15       11       -4     26    12550    12568     43    650
96      -14       10       -4     24    12548    12566     13    651
97      -15       11       -4     26    12552    12567      0    652
98      -15       10       -5     25    12551    12560     49    652
99      -15       11       -4     26    12562    12558     49    652
 0      -14       11       -3     25    12550    12550     16    652
 1      -15       10       -5     25    12553    12558      6    652
 2      -15       11       -4     26    12554    12564      6    653
 3      -15       10       -5     25    12559    12554     12    653
 4      -14       11       -3     25    12562    12548    -40    653
 5      -15       10       -5     25    12552    12560    -35    653
 6      -15       10       -5     25    12554    12556    -26    653
 7      -15       11       -4     26    12556    12554    -49    653
 8      -15       10       -5     25    12555    12555    -55    653
 9      -14       11       -3     25    12553    12553    -48    653
10      -15       10       -5     25    12558    12556    -73    653
11      -15       10       -5     25    12551    12556      9    652
12      -14       10       -4     24    12561    12562     29    652
13      -14       10       -4     24    12564    12552     -8    652
14      -14       10       -4     24    12563    12552    -50    652
15      -14       10       -4     24    12562    12558     -9    651
16      -14       10       -4     24    12558    12555    -32    651
17      -14       10       -4     24    12556    12563    -40    651
18      -14       10       -4     24    12557    12559    -22    651
19      -15       10       -5     25    12546    12566     32    651
20      -14       10       -4     24    12550    12556     -3    652
21      -14       10       -4     24    12564    12550    -50    652
22      -15       10       -5     25    12558    12566     21    651
23      -14       11       -3     25    12547    12556      1    652
24      -15        9       -6     24    12550    12554     54    652
25      -14       10       -4     24    12549    12554     53    652
26      -14       10       -4     24    12559    12562      7    653
27      -14       10       -4     24    12556    12562     28    653
28      -14       10       -4     24    12551    12560     42    653
29      -15       10       -5     25    12558    12555     -1    654
30      -14       10       -4     24    12564    12548    -28    654
31      -14       10       -4     24    12556    12552    -10    653
32      -15       10       -5     25    12554    12562     21    653
33      -14       11       -3     25    12560    12555      1    653
34      -15       10       -5     25    12560    12554     -6    653
35      -14       11       -3     25    12564    12551    -24    653
36      -15       10       -5     25    12554    12552    -64    653
37      -14       10       -4     24    12562    12560    -55    653
38      -15       10       -5     25    12562    12552     -1    652
39      -14       10       -4     24    12556    12552    -16    652
