31      -79       84        5    165    13340    13382     44   2876
32      -78       82        4    160    13336    13417     72   2876
33      -80       85        5    162    13371    13347    -51   2878
34      -78       83        5    163    13337    13410     77   2879
35      -78       83        5    161    13335    13403     39   2882
36      -80       85        5    163    13343    13393      7   2880
37      -78       82        4    163    13354    13377     16   2879
38      -79       84        5    160    13368    13352    -48   2878
39      -79       84        5    165    13346    13381     55   2876
40      -78       82        4    160    13348    13390     12   2877
41      -79       84        5    162    13346    13373     26   2876
42      -78       84        6    164    13324    13412     17   2878
43      -78       82        4    159    13361    13362      1   2878
44      -80       85        5    164    13356    13362    -11   2879
45      -78       82        4    161    13352    13363    -50   2878
46      -79       84        5    161    13362    13353    -46   2877
47      -78       84        6    165    13354    13365    -13   2877
48      -78       82        4    159    13379    13333      1   2876
49      -79       84        5    162    13350    13376    -26   2876
50      -78       84        6    164    13326    13410     33   2877
51      -78       83        5    159    13353    13374     45   2877
52      -80       84        4    165    13331    13417     26   2877
53      -78       83        5    161    13379    13335    -41   2878
54      -79       83        4    161    13332    13415     65   2877
55      -79       84        5    165    13365    13340    -57   2878
56      -77       83        6    159    13353    13384     39   2878
57      -80       85        5    163    13374    13343    -23   2878
58      -78       83        5    164    13374    13358    -25   2878
59      -79       83        4    160    13351    13380     41   2879
60      -80       85        5    165    13353    13378     38   2879
61      -77       82        5    162    13360    13354    -10   2877
62      -79       85        6    161    13355    13352    -21   2877
63      -80       84        4    165    13377    13345    -61   2877
64      -78       82        4    160    13354    13370     36   2875
65      -79       85        6    163    13355    13373      7   2878
66      -78       82        4    163    13345    13382     54   2877
67      -79       83        4    159    13334    13410     28   2878
68      -80       85        5    164    13326    13408     22   2879
69      -77       82        5    161    13356    13354    -28   2879
70      -79       84        5    162    13363    13348    -32   2878
71      -79       84        5    164    13337    13412      2   2878
72      -78       83        5    161    13373    13370     10   2877
73      -80       84        4    163    13393    13308     -9   2876
74      -77       83        6    162    13336    13395     60   2875
75      -79       83        4    160    13321    13418     23   2877
76      -79       85        6    164    13378    13357      5   2877
77      -78       82        4    161    13354    13375     -9   2878
78      -80       84        4    162    13346    13388      2   2878
79      -78       83        5    164    13357    13371     29   2877
80      -78       83        5    160    13337    13403     23   2879
81      -80       85        5    163    13343    13379     31   2880
82      -78       82        4    162    13360    13369     -6   2880
83      -78       83        5    161    13377    13329    -30   2879
84      -80       84        4    164    13356    13386      9   2878
85      -77       83        6    160    13367    13348     -5   2877
86      -80       85        5    163    13359    13370     20   2876
87      -78       83        5    163    13348    13389     47   2877
88      -78       83        5    160    13335    13394     39   2878
89      -80       85        5    165    13341    13369    -12   2879
90      -78       82        4    161    13351    13380     47   2879
91      -79       84        5    161    13361    13362      1   2879
92      -79       84        5    165    13344    13403     64   2878
93      -78       83        5    161    13341    13386     45   2879
94      -81       85        4    164    13361    13356     14   2880
95      -78       83        5    164    13333    13411     71   2879
96      -79       83        4    160    13351    13386     64   2879
97      -80       85        5    165    13344    13389     55   2880
98      -77       83        6    162    13371    13350     -3   2879
99      -80       84        4    161    13329    13411     54   2879
 0      -79       84        5    165    13353    13382     56   2880
 1      -78       83        5    161    13359    13376     -7   2880
 2      -80       85        5    164    13366    13367    -46   2878
 3      -78       83        5    163    13331    13413     13   2878
 4      -79       84        5    161    13350    13387      9   2879
 5      -80       84        4    165    13344    13381    -17   2879
 6      -77       82        5    159    13353    13376      7   2879
 7      -80       85        5    163    13350    13361     13   2879
 8      -79       83        4    165    13330    13406     39   2880
 9      -78       84        6    161    13368    13351     16   2882
10      -80       85        5    164    13368    13343    -15   2882
11      -78       82        4    162    13396    13324    -73   2881
12      -79       85        6    161    13360    13367    -41   2880
13      -79       83        4    165    13388    13337    -73   2879
14      -78       83        5    160    13366    13357    -10   2878
15      -80       85        5    164    13358    13358    -31   2877
16      -78       83        5    162    13335    13402      1   2878
17      -79       84        5    161    13380    13341    -14   2877
18      -79       84        5    165    13348    13369    -19   2879
19      -78       83        5    161    13346    13381    -12   2878
20      -80       84        4    163    13360    13365     -2   2878
21      -78       83        5    164    13345    13382     28   2878
22      -79       84        5    159    13341    13390     59   2878
23      -80       85        5    165    13364    13361    -48   2879
24      -77       82        5    163    13365    13349    -37   2878
25      -80       85        5    161    13332    13403     37   2877
26      -79       84        5    165    13335    13390     74   2878
27      -78       83        5    161    13352    13371     17   2880
28      -81       85        4    165    13330    13411     36   2881
29      -77       83        6    162    13378    13318     -7   2881
30      -80       84        4    161    13362    13356     20   2879
31      -79       84        5    166    13382    13336    -24   2877
32      -78       83        5    160    13353    13374      7   2876
33      -79       85        6    163    13334    13397     18   2876
34      -79       83        4    164    13346    13381     -5   2876
35      -78       83        5    160    13329    13420     15   2878
36      -80       85        5    164    13332    13405     74   2877
37      -77       83        6    162    13342    13383     45   2877
38      -80       84        4    161    13374    13340    -38   2876
39      -78       84        6    165    13339    13405     78   2875
40      -78       83        5    160    13347    13395      8   2876
41      -80       85        5    164    13347    13388      9   2876
42      -78       82        4    163    13325    13429     10   2878
43      -80       85        5    161    13346    13372      7   2879
44      -79       84        5    165    13354    13363    -14   2879
45      -78       83        5    161    13352    13362    -12   2879
46      -80       85        5    163    13373    13341     15   2877
47      -78       83        5    164    13342    13387     15   2878
48      -79       84        5    161    13346    13391    -11   2879
49      -80       85        5    166    13348    13387     31   2879
50      -78       82        4    161    13362    13367      8   2878
51      -80       85        5    162    13376    13336    -52   2878
52      -79       84        5    165    13341    13388     24   2877
53      -78       83        5    161    13348    13362     -4   2878
54      -80       85        5    164    13348    13394     48   2878
55      -78       82        4    161    13360    13358      0   2878
56      -79       84        5    161    13328    13418     50   2877
57      -79       84        5    165    13378    13337     11   2877
58      -78       83        5    160    13368    13354      2   2877
59      -79       85        6    164    13374    13356    -63   2876
60      -78       82        4    161    13336    13392     73   2875
61      -79       84        5    161    13364    13359     50   2876
62      -79       84        5    165    13342    13400     16   2878
63      -78       83        5    161    13347    13369    -45   2879
64      -80       85        5    163    13332    13389     51   2879
65      -77       82        5    163    13342    13382     75   2879
66      -79       84        5    160    13352    13381     -6   2880
67      -79       84        5    164    13360    13367     42   2880
68      -78       83        5    161    13340    13388     61   2880
69      -80       84        4    163    13350    13375     10   2881
70      -78       83        5    163    13328    13409      2   2881
71      -78       83        5    160    13326    13410      2   2881
72      -80       85        5    165    13390    13325    -10   2880
73      -77       82        5    160    13371    13349    -41   2880
74      -80       85        5    162    13339    13409      2   2880
75      -78       83        5    163    13328    13406     53   2880
76      -78       82        4    160    13353    13375      1   2881
77      -80       85        5    164    13361    13372     21   2880
78      -77       82        5    161    13364    13340     17   2880
79      -80       84        4    161    13359    13358     -2   2879
80      -78       83        5    163    13364    13359     -5   2877
81      -78       83        5    161    13344    13381     29   2877
82      -80       84        4    163    13344    13399     49   2878
83      -77       83        6    161    13365    13355     47   2878
84      -79       84        5    161    13344    13391     -3   2878
85      -79       83        4    164    13351    13391    -25   2878
86      -77       83        6    160    13350    13390     -4   2878
87      -80       85        5    164    13361    13359     -4   2878
88      -78       82        4    163    13319    13414      9   2879
89      -79       84        5    159    13354    13376     34   2878
