80     -215      219        4    433    13330    13388     34   2884
81     -214      220        6    434    13336    13401     13   2886
82     -214      219        5    433    13341    13390     41   2884
83     -214      219        5    434    13339    13388     43   2884
84     -215      219        4    434    13361    13358    -31   2885
85     -214      220        6    433    13342    13384     39   2885
86     -214      219        5    433    13352    13363    -21   2885
87     -214      219        5    433    13320    13394     50   2885
88     -214      219        5    433    13340    13380      4   2886
89     -214      219        5    434    13348    13365    -17   2885
90     -215      218        3    432    13358    13358      3   2883
91     -214      219        5    433    13357    13350     28   2883
92     -214      219        5    433    13352    13353     51   2883
93     -214      219        5    434    13381    13319    -48   2884
94     -215      220        5    434    13352    13355     -4   2884
95     -214      218        4    433    13376    13334    -38   2884
96     -214      219        5    432    13325    13426      6   2884
97     -214      219        5    433    13374    13349    -37   2884
98     -214      219        5    434    13328    13406     20   2884
99     -214      220        6    434    13337    13387    -32   2886
 0     -215      219        4    433    13346    13397     39   2884
 1     -214      219        5    433    13362    13366     -5   2884
 2     -214      219        5    433    13362    13371      2   2883
 3     -214      220        6    434    13352    13362     -5   2884
 4     -215      219        4    434    13356    13358     42   2883
 5     -214      220        6    434    13345    13356     60   2883
 6     -214      219        5    434    13359    13371      5   2884
 7     -214      219        5    434    13365    13362     -4   2884
 8     -215      219        4    432    13370    13359      3   2883
 9     -215      220        5    435    13341    13374     25   2883
10     -214      219        5    434    13316    13418     49   2884
11     -214      220        6    434    13363    13350     10   2885
12     -215      219        4    433    13381    13314    -79   2885
13     -214      219        5    434    13362    13343    -18   2884
14     -215      220        5    434    13346    13372    -10   2884
15     -214      220        6    435    13354    13367     14   2884
16     -215      219        4    433    13361    13361     17   2884
17     -215      219        4    434    13320    13415     18   2883
18     -214      220        6    434    13368    13328      3   2882
19     -214      219        5    434    13324    13422      6   2884
20     -215      220        5    434    13338    13390    -14   2884
21     -214      220        6    435    13345    13388     59   2885
22     -215      219        4    433    13325    13412     78   2885
23     -214      219        5    434    13358    13359     -4   2885
24     -215      220        5    434    13335    13386     26   2885
25     -215      219        4    434    13361    13360     38   2885
26     -214      219        5    433    13354    13376    -10   2884
27     -215      220        5    435    13324    13412     18   2885
28     -214      219        5    434    13346    13380    -22   2885
29     -215      220        5    434    13346    13390      5   2884
30     -214      220        6    435    13341    13396     41   2883
31     -215      220        5    434    13356    13358     29   2885
32     -215      219        4    434    13365    13340    -46   2885
33     -214      220        6    434    13354    13352    -21   2884
34     -215      219        4    434    13347    13354    -36   2883
35     -215      220        5    435    13357    13374      8   2882
36     -214      220        6    434    13342    13372      4   2884
37     -215      219        4    435    13373    13330    -23   2885
38     -214      220        6    433    13352    13359      7   2885
39     -215      220        5    435    13331    13388     34   2886
40     -214      219        5    435    13340    13394     76   2886
41     -215      220        5    433    13346    13366     61   2887
42     -215      219        4    434    13341    13386     -4   2886
43     -215      220        5    435    13359    13365    -18   2886
44     -214      219        5    433    13362    13360    -21   2886
45     -215      219        4    435    13358    13364    -37   2885
46     -215      220        5    434    13343    13388      6   2885
47     -214      220        6    435    13359    13354     27   2884
48     -215      220        5    434    13327    13412     64   2885
49     -214      219        5    434    13324    13404     64   2886
50     -215      220        5    435    13341    13386     78   2886
51     -215      219        4    434    13359    13380     78   2887
52     -215      220        5    434    13355    13366    -22   2888
53     -214      219        5    433    13379    13336    -72   2887
54     -215      220        5    435    13356    13352    -33   2886
55     -214      220        6    435    13329    13408     75   2886
56     -215      219        4    434    13348    13375      4   2887
57     -215      220        5    434    13344    13387     48   2887
58     -214      219        5    434    13346    13382     36   2887
59     -215      220        5    434    13356    13364     11   2886
60     -215      219        4    434    13327    13410     67   2886
61     -215      220        5    435    13331    13398     14   2887
62     -214      219        5    434    13361    13342    -49   2887
63     -215      219        4    433    13355    13391    -20   2886
64     -215      220        5    435    13348    13366     -3   2884
65     -214      219        5    434    13365    13352     -8   2883
66     -215      219        4    433    13316    13422     31   2884
67     -214      220        6    434    13322    13416     27   2886
68     -215      219        4    434    13346    13370    -24   2887
69     -215      220        5    435    13379    13301    -75   2886
70     -215      219        4    434    13361    13356     18   2884
71     -215      219        4    434    13338    13392     57   2882
72     -214      220        6    434    13358    13368    -22   2883
73     -215      219        4    434    13377    13327    -40   2883
74     -214      220        6    434    13347    13375     -3   2883
75     -214      219        5    435    13353    13382      8   2884
76     -215      220        5    433    13357    13356     50   2883
77     -215      219        4    434    13328    13415      6   2883
78     -214      220        6    434    13365    13358     18   2883
79     -215      220        5    435    13347    13372     60   2883
80     -214      219        5    433    13317    13423     75   2884
81     -214      220        6    435    13357    13361     44   2885
82     -215      220        5    434    13331    13390     50   2884
83     -215      219        4    434    13393    13288    -31   2884
84     -215      220        5    435    13357    13359      1   2883
85     -214      219        5    435    13337    13382     -4   2883
86     -215      220        5    433    13355    13368     18   2883
87     -215      220        5    435    13350    13373     15   2882
88     -214      220        6    434    13330    13404     67   2883
89     -214      219        5    434    13349    13372     11   2883
90     -215      219        4    433    13324    13421     23   2883
91     -215      220        5    435    13368    13350     14   2882
92     -214      220        6    434    13320    13416     10   2884
93     -215      219        4    434    13362    13366     23   2884
94     -214      220        6    435    13327    13403     48   2885
95     -215      220        5    434    13360    13360    -19   2884
96     -215      219        4    434    13335    13395     49   2883
97     -214      220        6    434    13332    13408     13   2886
98     -215      220        5    435    13347    13380     14   2886
99     -215      219        4    434    13339    13391     43   2886
 0     -215      220        5    435    13353    13366     20   2886
 1     -214      220        6    435    13363    13358      5   2887
 2     -215      219        4    433    13367    13339    -19   2885
 3     -215      220        5    435    13347    13373    -33   2886
 4     -215      219        4    435    13350    13372    -27   2886
 5     -215      220        5    434    13371    13360    -11   2886
 6     -215      221        6    436    13351    13355     24   2886
 7     -215      220        5    435    13391    13328      5   2884
 8     -215      220        5    435    13335    13402     20   2884
 9     -215      220        5    435    13365    13350    -13   2884
10     -215      220        5    435    13314    13423     31   2885
11     -215      220        5    435    13343    13389     56   2886
12     -215      220        5    435    13349    13378     36   2887
13     -215      220        5    435    13328    13394     58   2887
14     -215      220        5    436    13333    13402     64   2888
15     -216      220        4    435    13341    13398     13   2889
16     -215      220        5    435    13366    13350    -37   2889
17     -215      220        5    435    13375    13338    -30   2887
18     -215      220        5    435    13357    13358    -32   2886
19     -215      220        5    436    13347    13371     52   2884
20     -215      220        5    435    13341    13370     57   2885
21     -215      220        5    435    13339    13396     -8   2887
