 6       -3       -1       -4      2    12561    12558    -11    659   -103
 7       -4        0       -4      4    12556    12550    -37    659   -105
 8       -4       -1       -5      3    12560    12555     -1    658   -106
 9       -3       -1       -4      2    12559    12555    -32    658   -107
10       -3       -1       -4      2    12555    12557    -29    658   -108
11       -3       -2       -5      1    12559    12565    -17    658   -108
12       -4       -1       -5      3    12547    12569     33    658   -109
13       -2       -1       -3      1    12550    12561     58    658   -109
14       -3       -1       -4      2    12562    12564     75    658   -110
15       -3       -2       -5      1    12553    12549     -4    659   -110
16       -3       -1       -4      2    12560    12553    -22    659   -111
17       -2       -2       -4      0    12562    12555    -48    659   -111
18       -3       -1       -4      2    12553    12554    -56    659   -112
19       -2       -2       -4      0    12554    12558    -54    659   -112
20       -3       -2       -5      1    12560    12554    -55    659   -112
21       -2       -2       -4      0    12558    12557    -59    659   -112
22       -2       -1       -3      1    12559    12552    -70    659   -112
23       -3       -2       -5      1    12556    12550    -15    658   -112
24       -2       -2       -4      0    12562    12562    -20    658   -112
25       -3       -1       -4      2    12554    12569     39    658   -113
26       -3       -2       -5      1    12550    12562     -2    659   -113
27       -2       -2       -4      0    12554    12560     27    659   -113
28       -3       -1       -4      2    12550    12562     63    659   -114
29       -2       -2       -4      0    12570    12561    -17    660   -114
30       -3       -2       -5      1    12554    12557    -30    660   -114
31       -2       -1       -3      1    12558    12556    -55    660   -114
32       -2       -2       -4      0    12568    12555    -67    660   -114
33       -3       -2       -5      1    12562    12560     -3    659   -114
34       -2       -2       -4      0    12550    12560      2    659   -114
35       -2       -1       -3      1    12560    12561     17    659   -114
36       -3       -2       -5      1    12556    12566     36    659   -114
37       -2       -2       -4      0    12558    12558     53    659   -114
38       -3       -1       -4      2    12548    12560     57    659   -115
39       -2       -2       -4      0    12558    12552     60    659   -115
40       -3       -2       -5      1    12553    12552     61    659   -115
41       -2       -2       -4      0    12564    12546     17    659   -115
42       -2       -1       -3      1    12562    12540    -44    659   -115
43       -3       -2       -5      1    12558    12552     -2    658   -115
44       -2       -2       -4      0    12562    12560     -7    658   -115
45       -3       -2       -5      1    12560    12558     -8    658   -115
46       -2       -2       -4      0    12558    12562     14    658   -115
47       -3       -2       -5      1    12550    12568     55    658   -115
48       -2       -2       -4      0    12564    12556      0    659   -115
49       -2       -1       -3      1    12556    12552      3    659   -115
50       -2       -2       -4      0    12558    12549    -33    659   -115
51       -3       -2       -5      1    12558    12552    -67    659   -115
52       -2       -2       -4      0    12555    12550     -3    658   -115
53       -3       -2       -5      1    12554    12552    -12    658   -115
54       -2       -2       -4      0    12564    12558    -32    658   -115
55       -2       -2       -4      0    12560    12554    -37    658   -115
56       -3       -2       -5      1    12556    12561    -14    658   -115
57       -2       -2       -4      0    12558    12560     14    658   -115
58       -2       -2       -4      0    12554    12556     23    658   -115
59       -3       -2       -5      1    12558    12551     -1    658   -115
60       -2       -2       -4      0    12560    12548    -29    658   -115
61       -2       -2       -4      0    12550    12550    -56    658   -115
62       -3       -2       -5      1    12562    12548    -15    657   -115
63       -2       -2       -4      0    12552    12552    -34    657   -115
64       -3       -2       -5      1    12558    12560    -27    657   -115
65       -2       -2       -4      0    12551    12552    -33    657   -115
66       -3       -1       -4      2    12555    12556    -24    657   -116
67       -3       -2       -5      1    12557    12560    -13    657   -116
68       -2       -2       -4      0    12559    12564      2    657   -116
69       -2       -1       -3      1    12556    12562     40    657   -116
70       -3       -2       -5      1    12560    12556     -3    658   -116
71       -2       -2       -4      0    12552    12566     -2    658   -116
72       -3       -1       -4      2    12556    12562     14    658   -117
73       -2       -2       -4      0    12556    12556     21    658   -117
74       -3       -2       -5      1    12559    12558     13    658   -117
75       -2       -1       -3      1    12560    12562     45    658   -117
76       -3       -2       -5      1    12558    12566     17    659   -117
77       -2       -1       -3      1    12559    12565     51    659   -117
78       -3       -1       -4      2    12547    12557      3    660   -118
79       -3       -2       -5      1    12560    12561     12    660   -118
80       -2       -1       -3      1    12562    12553     -2    660   -118
81       -3       -1       -4      2    12554    12564      1    660   -119
82       -3       -2       -5      1    12556    12557      3    660   -119
83       -2       -2       -4      0    12563    12564     11    660   -119
84       -3       -1       -4      2    12556    12566     59    660   -120
85       -2       -2       -4      0    12554    12562     -1    661   -120
86       -3       -2       -5      1    12554    12558      5    661   -120
87       -2       -2       -4      0    12550    12556      9    661   -120
88       -2       -2       -4      0    12550    12550     18    661   -120
89       -3       -2       -5      1    12558    12560     35    661   -120
90       -2       -2       -4      0    12552    12560     56    661   -120
91       -2       -2       -4      0    12558    12556     58    661   -120
92       -2       -1       -3      1    12561    12552     44    661   -120
93       -3       -2       -5      1    12564    12558      6    661   -120
94       -2       -2       -4      0    12568    12552    -25    661   -120
95       -3       -2       -5      1    12560    12550    -75    661   -120
96       -2       -2       -4      0    12558    12552    -26    660   -120
97       -2       -2       -4      0    12558    12558    -44    660   -120
98       -2       -2       -4      0    12558    12562    -37    660   -120
99       -3       -2       -5      1    12554    12563      9    660   -120
 0       -2       -2       -4      0    12554    12560     47    660   -120
 1       -2       -2       -4      0    12564    12555    -14    661   -120
 2       -2       -2       -4      0    12565    12544    -57    661   -120
 3       -2       -2       -4      0    12560    12544    -33    660   -120
 4       -2       -3       -5     -1    12564    12549     -3    659   -120
 5       -3       -2       -5      1    12562    12546    -49    659   -120
 6       -2       -2       -4      0    12556    12551     -2    658   -120
 7       -2       -2       -4      0    12557    12558    -16    658   -120
 8       -2       -3       -5     -1    12564    12556    -44    658   -120
 9       -2       -2       -4      0    12560    12552      0    657   -120
10       -2       -2       -4      0    12560    12559     -4    657   -120
11       -2       -3       -5     -1    12557    12561      4    657   -120
12       -2       -2       -4      0    12553    12564     23    657   -120
13       -2       -2       -4      0    12554    12557     48    657   -120
14       -2       -2       -4      0    12551    12556      0    658   -120
15       -2       -3       -5     -1    12553    12557     18    658   -120
16       -2       -2       -4      0    12551    12565     47    658   -120
17       -2       -3       -5     -1    12552    12565     24    659   -120
18       -2       -2       -4      0    12550    12558     65    659   -120
19       -2       -2       -4      0    12556    12557     70    659   -120
20       -1       -3       -4     -2    12559    12551    -23    660   -119
21       -3       -2       -5      1    12558    12557    -13    660   -119
22       -2       -2       -4      0    12554    12558      7    660   -119
23       -2       -2       -4      0    12552    12565     41    660   -119
24       -1       -3       -4     -2    12559    12563     68    660   -118
25       -2       -2       -4      0    12555    12558     -1    661   -118
26       -2       -2       -4      0    12559    12555    -16    661   -118
27       -2       -3       -5     -1    12557    12561    -23    661   -118
28       -1       -2       -3     -1    12559    12563    -15    661   -118
29       -2       -2       -4      0    12563    12558    -17    661   -118
30       -2       -3       -5     -1    12555    12556    -35    661   -118
31       -2       -2       -4      0    12555    12550    -61    661   -118
32       -2       -2       -4      0    12563    12551    -10    660   -118
33       -2       -2       -4      0    12560    12550    -10    660   -118
34       -2       -2       -4      0    12558    12558    -29    660   -118
35       -3       -1       -4      2    12566    12550    -75    660   -119
36       -2       -3       -5     -1    12558    12555    -17    659   -119
37       -2       -2       -4      0    12559    12562    -17    659   -119
38       -2       -2       -4      0    12552    12555    -28    659   -119
39       -2       -1       -3      1    12564    12564    -14    659   -119
40       -3       -2       -5      1    12552    12560      4    659   -119
41       -2       -2       -4      0    12552    12560     40    659   -119
42       -2       -2       -4      0    12558    12560     47    659   -119
43       -3       -1       -4      2    12552    12564      0    660   -120
44       -2       -2       -4      0    12554    12560      6    660   -120
45       -3       -2       -5      1    12556    12560      3    660   -120
46       -2       -2       -4      0    12556    12556     -3    660   -120
47       -3       -2       -5      1    12556    12556    -18    660   -120
48       -2       -1       -3      1    12564    12552    -47    660   -120
49       -3       -2       -5      1    12550    12554    -66    660   -120
50       -2       -2       -4      0    12562    12552     -8    659   -120
51       -3       -2       -5      1    12554    12558     -2    659   -120
52       -3       -1       -4      2    12558    12556      3    659   -121
53       -2       -2       -4      0    12556    12561      4    659   -121
54       -3       -2       -5      1    12548    12556     22    659   -121
55       -2       -1       -3      1    12558    12552     15    659   -121
56       -3       -2       -5      1    12558    12552    -26    659   -121
57       -2       -2       -4      0    12554    12562    -11    659   -121
58       -3       -1       -4      2    12563    12562     13    659   -122
59       -3       -2       -5      1    12557    12558     37    659   -122
60       -3       -1       -4      2    12555    12553      7    659   -123
61       -2       -1       -3      1    12553    12561      6    659   -123
62       -3       -2       -5      1    12546    12554      2    659   -123
63       -3       -2       -5      1    12555    12564     36    659   -123
64       -3       -1       -4      2    12555    12564     71    659   -124
65       -3       -2       -5      1    12556    12561      3    660   -124
66       -2       -2       -4      0    12562    12560     -5    660   -124
67       -2       -2       -4      0    12560    12556      2    660   -124
68       -2       -2       -4      0    12562    12555    -23    660   -124
69       -2       -2       -4      0    12554    12552    -50    660   -124
70       -2       -3       -5     -1    12561    12557     -5    659   -124
71       -2       -2       -4      0    12558    12551    -24    659   -124
72       -1       -2       -3     -1    12555    12558    -52    659   -124
73       -2       -3       -5     -1    12562    12552     -3    658   -124
74       -2       -2       -4      0    12559    12563     18    658   -124
75       -3       -2       -5      1    12552    12556     67    658   -124
76       -2       -2       -4      0    12556    12554     60    658   -124
77       -2       -2       -4      0    12556    12557     65    658   -124
78       -2       -2       -4      0    12548    12562      6    659   -124
79       -3       -2       -5      1    12551    12566     51    659   -124
80       -2       -2       -4      0    12552    12568     76    659   -124
81       -2       -2       -4      0    12560    12557     -5    660   -124
82       -2       -2       -4      0    12565    12549    -35    660   -124
83       -2       -2       -4      0    12565    12555    -52    660   -124
84       -2       -3       -5     -1    12558    12551    -71    660   -124
85       -2       -2       -4      0    12556    12561    -59    660   -124
86       -2       -3       -5     -1    12554    12557    -44    660   -124
87       -2       -2       -4      0    12557    12559    -19    660   -124
88       -2       -3       -5     -1    12563    12557    -40    660   -124
89       -1       -2       -3     -1    12561    12547    -75    660   -124
90       -1       -3       -4     -2    12557    12553     -9    659   -123
91       -2       -3       -5     -1    12554    12557    -26    659   -123
92       -2       -2       -4      0    12553    12561    -16    659   -123
93       -2       -3       -5     -1    12552    12571     34    659   -123
94       -2       -2       -4      0    12556    12560     73    659   -123
95       -2       -2       -4      0    12564    12561     -8    660   -123
96       -2       -2       -4      0    12558    12566    -10    660   -123
97       -2       -2       -4      0    12552    12566     14    660   -123
98       -2       -2       -4      0    12552    12562     62    660   -123
99       -2       -2       -4      0    12548    12556     69    660   -123
 0       -2       -3       -5     -1    12556    12553     61    660   -123
 1       -3       -2       -5      1    12550    12557     59    660   -123
 2       -2       -2       -4      0    12562    12548     36    660   -123
 3       -2       -2       -4      0    12560    12549    -10    660   -123
 4       -2       -2       -4      0    12562    12550    -41    660   -123
 5       -3       -2       -5      1    12558    12547    -75    660   -123
 6       -2       -2       -4      0    12562    12557    -20    659   -123
 7       -2       -2       -4      0    12555    12556    -36    659   -123
 8       -2       -2       -4      0    12561    12558    -44    659   -123
 9       -2       -2       -4      0    12561    12556    -39    659   -123
10       -3       -2       -5      1    12559    12550    -57    659   -123
11       -2       -2       -4      0    12558    12551     -6    658   -123
12       -3       -2       -5      1    12560    12553    -24    658   -123
13       -2       -2       -4      0    12552    12554    -20    658   -123
14       -3       -2       -5      1    12548    12566     15    658   -123
15       -2       -2       -4      0    12550    12564     74    658   -123
16       -3       -1       -4      2    12554    12568     37    659   -124
17       -2       -2       -4      0    12550    12564     69    659   -124
18       -2       -2       -4      0    12551    12552      7    660   -124
19       -3       -2       -5      1    12556    12546     -9    660   -124
20       -2       -1       -3      1    12558    12546    -56    660   -124
21       -3       -3       -6      0    12556    12550      0    659   -124
22       -2       -2       -4      0    12564    12551    -36    659   -124
23       -2       -2       -4      0    12551    12549    -57    659   -124
24       -2       -2       -4      0    12555    12554    -68    659   -124
25       -2       -2       -4      0    12556    12554     -3    658   -124
26       -3       -2       -5      1    12561    12558    -25    658   -124
27       -3       -2       -5      1    12556    12556    -23    658   -124
28       -2       -1       -3      1    12558    12560    -24    658   -124
29       -3       -2       -5      1    12547    12556    -30    658   -124
30       -3       -1       -4      2    12552    12558    -11    658   -125
31       -3       -2       -5      1    12555    12556    -27    658   -125
32       -3       -2       -5      1    12560    12549    -31    658   -125
33       -2       -1       -3      1    12552    12562      5    658   -125
34       -3       -2       -5      1    12545    12572     14    659   -125
35       -2       -2       -4      0    12556    12567     47    659   -125
36       -2       -2       -4      0    12564    12561     -3    660   -125
37       -3       -2       -5      1    12558    12562    -10    660   -125
38       -2       -1       -3      1    12564    12562    -18    660   -125
