85     -289      284       -5    573    12527    12545     54    663
86     -289      284       -5    573    12546    12549     15    663
87     -288      283       -5    571    12558    12546    -20    663
88     -289      284       -5    573    12527    12550     23    663
89     -288      284       -4    572    12548    12543     -1    664
90     -289      284       -5    573    12535    12542      6    664
91     -289      284       -5    573    12517    12552     19    665
92     -288      283       -5    571    12538    12547     64    665
93     -289      284       -5    573    12500    12545     -1    666
94     -288      283       -5    571    12562    12547     33    666
95     -288      284       -4    572    12598    12537    -12    666
96     -289      284       -5    573    12554    12538    -19    665
97     -289      283       -6    572    12556    12550    -27    665
98     -288      284       -4    572    12524    12556     22    665
99     -289      284       -5    573    12578    12540    -26    665
 0     -289      284       -5    573    12519    12546     21    665
 1     -288      283       -5    571    12522    12546     17    666
 2     -289      284       -5    573    12536    12552     52    666
 3     -288      284       -4    572    12574    12545     19    666
 4     -289      283       -6    572    12600    12552     -4    665
 5     -288      284       -4    572    12578    12548      7    665
 6     -289      284       -5    573    12525    12542    -53    665
 7     -288      283       -5    571    12566    12541    -32    664
 8     -289      284       -5    573    12588    12541    -78    664
 9     -289      284       -5    573    12567    12544      7    663
10     -289      283       -6    572    12600    12551    -15    662
11     -288      284       -4    572    12539    12556      1    663
12     -288      284       -4    572    12560    12545     17    663
13     -289      284       -5    573    12574    12540     -4    663
14     -289      284       -5    573    12562    12544    -51    663
15     -289      283       -6    572    12542    12543     20    662
16     -289      285       -4    574    12540    12553     45    662
17     -289      283       -6    572    12500    12555     70    663
18     -288      285       -3    573    12554    12544    -29    665
19     -289      283       -6    572    12560    12540    -22    664
20     -289      284       -5    573    12592    12550    -73    664
21     -289      284       -5    573    12580    12545     -6    663
22     -288      284       -4    572    12564    12548     -7    663
23     -289      284       -5    573    12544    12544    -33    663
24     -289      283       -6    572    12545    12554      2    662
25     -288      284       -4    572    12505    12558     72    662
26     -289      284       -5    573    12528    12550     10    664
27     -289      284       -5    573    12499    12543     26    665
28     -288      284       -4    572    12503    12550     66    665
29     -288      284       -4    572    12540    12542     -7    666
30     -289      284       -5    573    12541    12540      6    665
31     -289      283       -6    572    12534    12536    -40    665
32     -289      284       -5    573    12572    12539    -21    664
33     -289      284       -5    573    12586    12550    -47    664
34     -289      284       -5    573    12532    12559     53    664
35     -288      284       -4    572    12584    12543     -8    665
36     -289      284       -5    573    12501    12538    -28    665
37     -289      284       -5    573    12509    12542     16    664
38     -289      284       -5    573    12509    12552     18    664
39     -289      285       -4    574    12554    12551     67    664
40     -289      284       -5    573    12588    12551    -56    665
41     -289      284       -5    573    12505    12546     41    664
42     -289      284       -5    573    12523    12550     62    664
43     -289      284       -5    573    12523    12548     40    664
44     -289      284       -5    573    12541    12541     20    665
45     -288      284       -4    572    12562    12542     -2    665
46     -289      284       -5    573    12571    12545    -43    665
47     -289      284       -5    573    12511    12541     32    664
48     -289      284       -5    573    12513    12548     34    664
49     -289      284       -5    573    12507    12544     36    664
50     -289      284       -5    573    12526    12541    -27    664
51     -289      284       -5    573    12517    12543    -51    664
52     -289      284       -5    573    12499    12542     20    663
53     -289      284       -5    573    12580    12546     25    663
54     -289      284       -5    573    12521    12540     18    663
55     -289      284       -5    573    12543    12546     -8    663
56     -289      284       -5    573    12523    12546    -14    663
57     -289      284       -5    573    12515    12548    -16    663
58     -289      284       -5    573    12503    12542    -32    663
59     -289      284       -5    573    12522    12550    -20    663
60     -289      285       -4    574    12562    12552    -27    663
61     -289      284       -5    573    12567    12554      1    663
62     -289      284       -5    573    12600    12552    -10    663
63     -288      284       -4    572    12500    12548     55    663
64     -289      284       -5    573    12499    12550      6    664
65     -288      284       -4    572    12534    12547     36    664
66     -289      284       -5    573    12500    12554      2    666
67     -288      283       -5    571    12521    12546     -8    666
68     -289      284       -5    573    12552    12551     11    665
69     -288      283       -5    571    12548    12549    -19    666
70     -288      284       -4    572    12499    12539     51    666
71     -288      283       -5    571    12524    12543     64    666
72     -289      284       -5    573    12600    12545    -67    666
73     -288      283       -5    571    12600    12539    -77    665
74     -289      284       -5    573    12559    12535    -21    664
75     -289      283       -6    572    12539    12546    -40    664
76     -288      284       -4    572    12526    12547     -9    664
77     -288      284       -4    572    12523    12549     28    664
78     -289      283       -6    572    12578    12547     17    664
79     -288      284       -4    572    12574    12543     24    664
80     -289      284       -5    573    12519    12550      5    665
81     -289      283       -6    572    12511    12539    -12    665
82     -288      284       -4    572    12520    12543     31    665
83     -289      283       -6    572    12600    12547     -6    664
84     -288      284       -4    572    12520    12547     45    664
85     -289      284       -5    573    12544    12548     14    665
86     -288      284       -4    572    12588    12548    -21    664
87     -289      284       -5    573    12499    12545     25    664
88     -288      284       -4    572    12582    12553    -17    664
89     -288      283       -5    571    12569    12551    -16    664
90     -288      284       -4    572    12543    12554     16    664
91     -289      284       -5    573    12571    12544     36    664
92     -288      283       -5    571    12525    12541     23    664
93     -289      284       -5    573    12594    12537    -54    664
94     -289      284       -5    573    12538    12552     25    663
95     -289      283       -6    572    12592    12549    -73    663
96     -288      284       -4    572    12500    12558     41    663
97     -288      284       -4    572    12500    12549     10    665
98     -288      283       -5    571    12535    12545    -37    665
99     -289      284       -5    573    12600    12537     -8    664
 0     -289      284       -5    573    12530    12546     23    664
 1     -289      283       -6    572    12538    12540    -22    664
 2     -289      284       -5    573    12499    12545     42    663
 3     -288      283       -5    571    12513    12549     10    664
 4     -289      284       -5    573    12510    12548     47    664
 5     -288      284       -4    572    12544    12552     -2    665
 6     -288      283       -5    571    12584    12549    -37    665
 7     -288      284       -4    572    12512    12547     40    665
 8     -288      283       -5    571    12531    12546     28    666
 9     -289      284       -5    573    12600    12535    -67    666
10     -289      283       -6    572    12568    12537    -23    665
11     -289      284       -5    573    12515    12537     22    664
12     -289      283       -6    572    12539    12539    -12    664
13     -289      284       -5    573    12514    12543    -30    664
14     -288      283       -5    571    12521    12547    -20    664
15     -288      284       -4    572    12575    12543    -17    664
16     -289      283       -6    572    12546    12545    -34    664
17     -288      284       -4    572    12538    12543    -25    664
18     -289      283       -6    572    12540    12545     39    664
19     -288      284       -4    572    12557    12549     46    664
20     -288      283       -5    571    12555    12549     68    664
21     -289      284       -5    573    12578    12543    -21    664
22     -288      283       -5    571    12540    12545    -31    664
23     -288      284       -4    572    12555    12559     17    664
24     -288      283       -5    571    12582    12547    -43    665
25     -288      284       -4    572    12501    12548     -1    665
26     -289      283       -6    572    12500    12539     33    665
27     -288      283       -5    571    12534    12543     57    665
28     -288      284       -4    572    12586    12548    -10    666
29     -289      283       -6    572    12500    12548     55    666
30     -288      283       -5    571    12570    12541     -8    666
31     -289      284       -5    573    12532    12539     -4    665
32     -288      283       -5    571    12534    12539    -19    665
33     -288      284       -4    572    12507    12549     36    664
34     -289      283       -6    572    12509    12539     57    664
35     -288      284       -4    572    12501    12537     14    665
36     -289      283       -6    572    12556    12548    -17    665
37     -288      284       -4    572    12501    12553      7    665
38     -288      283       -5    571    12542    12548     50    665
39     -289      284       -5    573    12566    12541    -45    665
40     -288      283       -5    571    12594    12539    -36    664
41     -289      283       -6    572    12600    12549    -72    663
42     -288      284       -4    572    12588    12559    -27    662
43     -288      284       -4    572    12537    12551      2    663
44     -288      284       -4    572    12529    12561     71    663
45     -288      283       -5    571    12505    12548     38    664
46     -289      284       -5    573    12523    12550     49    664
47     -289      284       -5    573    12540    12541    -21    664
48     -288      283       -5    571    12600    12546    -15    662
49     -288      284       -4    572    12517    12549     41    662
50     -289      283       -6    572    12600    12551    -38    662
51     -288      284       -4    572    12526    12552    -24    662
52     -288      284       -4    572    12523    12547     28    662
53     -288      284       -4    572    12528    12547     26    663
54     -289      283       -6    572    12586    12553     40    663
55     -288      284       -4    572    12504    12543     71    664
56     -289      284       -5    573    12600    12541    -46    664
57     -288      283       -5    571    12544    12537    -28    664
58     -289      284       -5    573    12600    12546    -33    663
59     -289      284       -5    573    12592    12536    -76    663
60     -289      284       -5    573    12542    12544    -15    662
61     -289      283       -6    572    12548    12553     21    661
62     -288      284       -4    572    12515    12560     77    662
63     -288      284       -4    572    12600    12549     -9    662
64     -288      283       -5    571    12588    12551     15    662
65     -288      284       -4    572    12523    12556     32    662
66     -288      283       -5    571    12527    12543     37    662
67     -289      284       -5    573    12600    12544    -63    662
68     -289      284       -5    573    12519    12547    -43    662
69     -289      283       -6    572    12600    12545    -69    661
70     -288      284       -4    572    12600    12549    -70    660
71     -288      284       -4    572    12509    12560      5    660
72     -288      283       -5    571    12535    12549     31    661
73     -288      284       -4    572    12517    12545     41    662
74     -288      283       -5    571    12527    12551     -3    663
75     -289      284       -5    573    12517    12550     17    663
76     -288      284       -4    572    12517    12545      3    664
77     -289      283       -6    572    12569    12547     32    664
78     -288      284       -4    572    12582    12562     36    664
79     -288      284       -4    572    12576    12551     37    664
80     -288      283       -5    571    12564    12539    -14    665
81     -289      284       -5    573    12600    12543    -62    665
82     -288      283       -5    571    12504    12547     38    664
83     -288      283       -5    571    12519    12549     17    665
84     -289      284       -5    573    12548    12537    -24    666
85     -288      283       -5    571    12600    12535    -21    664
86     -288      283       -5    571    12542    12531    -10    663
87     -289      283       -6    572    12527    12539     21    662
88     -288      283       -5    571    12573    12547    -50    662
89     -289      284       -5    573    12499    12545     10    662
90     -288      283       -5    571    12582    12551    -15    661
91     -288      284       -4    572    12598    12554     -7    661
92     -288      283       -5    571    12556    12556     35    661
93     -288      284       -4    572    12530    12558     31    662
94     -288      283       -5    571    12525    12552      1    663
95     -288      284       -4    572    12500    12552     40    663
96     -288      283       -5    571    12565    12547     37    663
97     -288      283       -5    571    12574    12549     -7    664
98     -288      284       -4    572    12513    12545     42    664
99     -289      283       -6    572    12564    12547    -24    664
 0     -288      283       -5    571    12559    12545    -24    664
 1     -288      284       -4    572    12500    12546     42    664
 2     -288      283       -5    571    12564    12545    -38    664
 3     -289      284       -5    573    12592    12543    -62    664
 4     -288      283       -5    571    12504    12543     10    664
 5     -289      284       -5    573    12600    12546    -79    664
 6     -289      284       -5    573    12512    12551      4    663
 7     -288      284       -4    572    12588    12552     21    663
 8     -289      284       -5    573    12563    12554     20    663
 9     -289      285       -4    574    12582    12542    -49    663
10     -289      284       -5    573    12559    12544    -62    663
11     -289      284       -5    573    12569    12550    -51    662
12     -289      284       -5    573    12509    12556     39    661
13     -289      285       -4    574    12529    12557     61    661
14     -289      284       -5    573    12567    12550     -1    662
15     -290      285       -5    575    12567    12554     22    662
16     -289      285       -4    574    12539    12550    -13    663
17     -289      284       -5    573    12530    12544     59    663
18     -289      285       -4    574    12523    12546     58    663
19     -289      284       -5    573    12547    12544      5    664
20     -289      284       -5    573    12545    12546     32    664
21     -289      285       -4    574    12560    12546     17    664
22     -289      284       -5    573    12534    12544    -27    664
23     -289      283       -6    572    12506    12536     22    663
24     -289      284       -5    573    12499    12535     26    663
25     -289      284       -5    573    12500    12547     44    663
26     -289      284       -5    573    12530    12540     44    663
27     -289      284       -5    573    12546    12540     31    663
28     -289      284       -5    573    12544    12541    -13    663
29     -289      284       -5    573    12590    12544     -5    662
30     -289      284       -5    573    12537    12550     29    662
31     -289      284       -5    573    12523    12544     49    662
32     -289      284       -5    573    12531    12539     74    662
33     -289      284       -5    573    12592    12538     -2    662
34     -289      284       -5    573    12550    12543      1    661
35     -289      283       -6    572    12600    12543    -64    661
36     -289      284       -5    573    12516    12560     27    661
37     -288      284       -4    572    12516    12558      0    663
38     -288      284       -4    572    12500    12545     26    664
39     -289      284       -5    573    12562    12550    -16    665
40     -289      283       -6    572    12534    12543     28    665
41     -288      284       -4    572    12580    12546    -62    665
42     -289      284       -5    573    12590    12556    -66    664
43     -288      284       -4    572    12506    12549     44    663
44     -288      283       -5    571    12530    12545     28    664
