57       -6       11        5     17    13340    13353     27   2879  -3247
58       -6       10        4     16    13365    13373    -16   2879  -3256
59       -5        9        4     14    13346    13372    -15   2879  -3264
60       -5        9        4     14    13361    13377     37   2879  -3272
61       -4        8        4     13    13366    13384    -37   2880  -3279
62       -3        8        5     11    13366    13369     21   2879  -3285
63       -3        8        5     10    13363    13367      8   2880  -3290
64       -3        7        4     10    13369    13353    -20   2880  -3295
65       -2        6        4      8    13362    13369     -6   2880  -3299
66       -2        6        4      9    13356    13356    -23   2881  -3304
67       -2        6        4      7    13364    13359     -2   2879  -3308
68       -1        5        4      7    13341    13380    -11   2879  -3312
69       -1        5        4      6    13398    13307    -29   2879  -3315
70       -1        5        4      5    13373    13352    -38   2879  -3317
71        0        5        5      6    13367    13355    -39   2878  -3320
72       -1        4        3      4    13348    13377     38   2878  -3322
73        0        5        5      5    13352    13377     -5   2879  -3324
74        0        4        4      4    13371    13349    -56   2879  -3326
75        0        4        4      5    13363    13370     25   2877  -3328
76        0        4        4      5    13333    13392     68   2878  -3330
77        0        4        4      4    13347    13378     74   2879  -3332
78        0        4        4      3    13342    13391     16   2879  -3333
79        0        5        5      4    13356    13368     10   2880  -3335
80        1        3        4      3    13353    13360    -19   2879  -3336
81        1        4        5      3    13331    13387     38   2877  -3337
82        1        4        5      3    13373    13342    -53   2878  -3338
83        1        3        4      2    13365    13353    -23   2877  -3339
84        1        3        4      1    13365    13356     13   2878  -3339
85        1        3        4      2    13378    13354    -20   2878  -3340
86        2        3        5      3    13347    13377     12   2879  -3341
87        1        3        4      1    13365    13355    -43   2879  -3341
88        1        3        4      1    13349    13370    -10   2878  -3341
89        1        3        4      3    13339    13363     27   2877  -3342
90        1        4        5      2    13382    13346    -72   2878  -3343
91        2        3        5      2    13351    13378     -6   2878  -3344
92        1        3        4      2    13352    13373     35   2879  -3345
93        1        2        3      2    13378    13331    -72   2879  -3346
94        1        4        5      1    13365    13360     50   2878  -3346
95        1        3        4      2    13362    13375      2   2878  -3347
96        1        3        4      2    13370    13355    -37   2878  -3348
97        1        2        3      1    13353    13372     25   2876  -3348
98        1        3        4      2    13343    13376     56   2877  -3349
99        2        3        5      2    13361    13370     54   2878  -3350
 0        1        3        4      1    13367    13330    -61   2880  -3350
 1        2        3        5      1    13376    13338    -16   2878  -3350
 2        2        2        4      1    13356    13367     -5   2879  -3350
 3        2        3        5      0    13370    13355     -2   2879  -3350
 4        2        2        4      1    13343    13372     -8   2880  -3350
 5        1        3        4      1    13377    13357    -18   2880  -3350
 6        2        2        4      1    13357    13344     -5   2879  -3350
 7        1        3        4      1    13344    13383     42   2878  -3350
 8        2        2        4      0    13365    13355    -67   2878  -3350
 9        2        3        5      1    13356    13371     13   2878  -3350
10        2        2        4      0    13337    13397     61   2877  -3350
11        2        2        4      2    13363    13344     -6   2878  -3351
12        2        3        5      0    13363    13326    -43   2879  -3351
13        2        3        5      1    13369    13361    -25   2878  -3351
14        1        2        3      0    13333    13389     66   2878  -3351
15        2        2        4      0    13364    13345     -7   2879  -3351
16        1        2        3      1    13350    13355    -13   2878  -3351
17        2        2        4      1    13352    13396     29   2878  -3351
18        2        3        5      0    13386    13339    -38   2879  -3351
19        3        2        5      0    13400    13302    -69   2879  -3351
20        2        2        4      1    13376    13334     -6   2877  -3351
21        2        3        5      0    13350    13361     36   2877  -3351
22        2        2        4      1    13368    13357      6   2878  -3351
23        2        3        5     -1    13358    13365     19   2878  -3351
24        2        3        5      1    13370    13357      0   2878  -3351
25        2        2        4      0    13349    13374      6   2878  -3351
26        2        2        4      0    13342    13374     29   2877  -3351
27        2        3        5      1    13338    13377    -11   2878  -3351
28        2        2        4      0    13367    13350    -56   2878  -3351
29        2        2        4      0    13377    13330    -21   2876  -3351
30        2        3        5      1    13365    13371    -39   2876  -3351
31        2        2        4      0    13347    13401     41   2876  -3351
32        2        2        4      0    13378    13337    -16   2876  -3351
33        3        3        6      0    13350    13366     24   2876  -3351
34        2        2        4      0    13359    13352    -33   2877  -3351
35        2        2        4      1    13358    13374     -5   2877  -3351
36        2        3        5      0    13390    13315    -33   2876  -3351
37        3        2        5      0    13366    13376    -21   2876  -3351
38        2        2        4     -1    13358    13365    -30   2876  -3351
39        2        2        4      1    13339    13399     58   2876  -3351
40        2        2        4      0    13350    13383     38   2876  -3351
41        2        3        5      0    13352    13381     13   2876  -3351
42        2        2        4      0    13364    13368     10   2876  -3351
43        3        2        5      0    13363    13382     41   2877  -3351
44        2        2        4     -1    13350    13366     10   2877  -3351
45        2        2        4      0    13355    13370     12   2877  -3351
46        2        3        5      1    13388    13337    -52   2878  -3351
47        3        2        5      0    13357    13378    -31   2877  -3351
48        2        2        4     -1    13370    13336    -20   2875  -3351
49        2        2        4      0    13366    13351    -22   2875  -3351
50        2        2        4      0    13375    13350    -61   2876  -3351
51        2        2        4      0    13348    13378     31   2875  -3351
52        2        3        5      1    13368    13353     -1   2876  -3351
53        2        2        4      0    13367    13353     -1   2876  -3351
54        2        2        4      2    13341    13397    -16   2877  -3352
55        1        3        4      0    13371    13334    -17   2876  -3352
56        2        2        4      0    13364    13357    -10   2877  -3352
57        1        3        4      2    13359    13340     -4   2876  -3353
58        2        2        4      1    13376    13325    -23   2876  -3353
59        2        3        5      0    13359    13388      4   2877  -3353
60        2        3        5      1    13346    13397      6   2877  -3353
61        2        2        4      0    13370    13347    -30   2876  -3353
62        3        1        4      0    13351    13375     42   2875  -3353
63        2        3        5      0    13378    13346    -18   2876  -3353
64        1        2        3      0    13363    13372    -20   2876  -3353
65        2        2        4      1    13375    13334    -73   2876  -3353
66        1        3        4      1    13340    13396      3   2876  -3353
67        2        2        4      0    13336    13377     20   2876  -3353
68        2        3        5      1    13370    13368     15   2876  -3353
69        2        2        4      0    13370    13364     -5   2876  -3353
70        2        2        4      0    13342    13382     17   2877  -3353
71        2        2        4      1    13356    13359    -21   2877  -3353
72        2        2        4      0    13353    13368     28   2876  -3353
73        2        3        5      0    13360    13345      8   2876  -3353
74        2        2        4      1    13335    13369     30   2876  -3353
75        2        2        4      0    13364    13361    -25   2878  -3353
76        2        2        4     -1    13381    13354     -9   2876  -3353
77        2        2        4      0    13342    13365     35   2876  -3353
78        2        2        4      1    13338    13377    -15   2877  -3353
79        2        3        5      0    13372    13310    -55   2878  -3353
80        2        2        4      0    13354    13362     26   2877  -3353
81        1        2        3      2    13359    13367      0   2877  -3354
82        2        2        4      0    13350    13375     12   2877  -3354
83        2        3        5      0    13390    13322    -13   2877  -3354
84        1        2        3      1    13349    13364    -17   2876  -3354
85        2        3        5      1    13348    13370      3   2876  -3354
86        2        3        5      2    13363    13370     33   2876  -3355
87        1        2        3      0    13352    13381     17   2877  -3355
88        2        3        5      2    13363    13337    -25   2877  -3356
89        1        3        4      1    13365    13357      3   2876  -3356
90        2        2        4      2    13367    13339     32   2876  -3357
91        1        3        4      0    13345    13369     27   2876  -3357
92        2        3        5      2    13347    13373     -6   2876  -3358
93        1        2        3      1    13369    13340    -44   2877  -3358
94        2        3        5      0    13358    13363    -19   2877  -3358
95        2        3        5      2    13374    13349    -72   2877  -3359
96        1        2        3      1    13370    13348    -19   2877  -3359
97        2        2        4      0    13373    13357     26   2877  -3359
98        2        3        5      0    13395    13310    -33   2877  -3359
99        2        2        4      0    13345    13369    -20   2877  -3359
 0        2        2        4      1    13377    13340    -32   2876  -3359
 1        2        3        5      1    13368    13359    -29   2876  -3359
 2        2        2        4     -1    13344    13394     -4   2876  -3359
 3        2        3        5      1    13354    13375     10   2876  -3359
 4        2        2        4      0    13358    13356     -7   2876  -3359
 5        3        1        4      0    13343    13395     44   2876  -3359
 6        2        2        4     -2    13374    13348      2   2876  -3358
 7        3        1        4      0    13347    13380     -2   2876  -3358
 8        2        2        4     -2    13361    13346     46   2876  -3357
 9        3        2        5     -1    13371    13343     17   2876  -3357
10        3        1        4      0    13347    13376     30   2875  -3357
11        2        2        4     -2    13344    13367     37   2875  -3356
12        2        2        4      0    13359    13375     27   2876  -3356
13        2        1        3      0    13359    13353    -15   2876  -3356
14        3        2        5     -2    13361    13355     -8   2875  -3355
15        2        2        4      0    13345    13392     45   2875  -3355
16        3        1        4     -2    13366    13337    -23   2876  -3354
17        2        2        4      0    13341    13385      9   2877  -3354
18        2        2        4      0    13354    13380     13   2877  -3354
19        2        2        4      0    13348    13380     21   2878  -3354
20        3        2        5      0    13368    13356     12   2879  -3354
21        2        2        4      0    13354    13366      2   2880  -3354
22        2        2        4     -1    13350    13376    -34   2879  -3354
23        2        2        4      0    13348    13387      8   2878  -3354
24        2        2        4      1    13368    13354     23   2878  -3354
25        2        3        5      0    13364    13365     -2   2878  -3354
26        2        2        4      0    13346    13383     44   2878  -3354
27        2        2        4      1    13356    13350    -34   2878  -3354
28        2        3        5      0    13356    13384     35   2878  -3354
29        2        2        4      0    13378    13345    -11   2877  -3354
30        3        2        5      0    13359    13375     -3   2876  -3354
31        2        2        4      0    13353    13366      1   2875  -3354
32        2        3        5      0    13338    13387     14   2875  -3354
33        2        2        4      1    13382    13333    -38   2876  -3354
34        2        3        5      0    13355    13362     40   2877  -3354
35        2        2        4      0    13364    13344     -5   2877  -3354
36        2        2        4      0    13358    13346    -12   2878  -3354
37        2        2        4      0    13358    13368      2   2878  -3354
38        2        2        4      0    13360    13365     24   2877  -3354
39        2        2        4      0    13336    13360      9   2878  -3354
40        3        2        5     -1    13376    13348    -29   2877  -3354
41        3        2        5      0    13354    13372    -11   2876  -3354
42        2        1        3     -1    13387    13336    -39   2876  -3354
43        3        2        5     -2    13357    13361    -24   2875  -3353
44        2        2        4      1    13370    13344    -17   2876  -3353
45        3        2        5     -1    13351    13369     14   2876  -3353
46        2        2        4      0    13324    13414      9   2879  -3353
47        2        2        4     -1    13342    13356    -22   2879  -3353
48        2        2        4      1    13343    13370     30   2878  -3353
49        2        2        4     -1    13394    13319    -23   2879  -3353
50        2        2        4      1    13344    13375     39   2879  -3353
51        2        3        5      0    13366    13352    -49   2879  -3353
52        2        2        4      0    13372    13338    -75   2878  -3353
53        2        2        4      0    13356    13368     49   2876  -3353
54        3        2        5      0    13384    13333    -46   2877  -3353
55        2        2        4     -1    13370    13374    -12   2877  -3353
56        2        2        4      0    13364    13372    -45   2877  -3353
57        2        2        4      0    13366    13367    -44   2877  -3353
58        3        2        5      0    13360    13358     53   2877  -3353
59        1        2        3      0    13356    13367      3   2877  -3353
60        2        2        4      1    13368    13363    -25   2878  -3353
61        2        3        5      0    13391    13319    -42   2876  -3353
62        2        2        4      0    13348    13352     24   2876  -3353
63        2        2        4      0    13377    13323    -55   2877  -3353
64        2        2        4      0    13340    13378      5   2876  -3353
65        2        2        4      0    13362    13350    -55   2876  -3353
66        3        2        5     -1    13381    13344    -20   2875  -3353
67        2        1        3     -1    13364    13355    -14   2875  -3353
68        3        2        5      1    13348    13356     54   2875  -3353
69        2        2        4     -1    13338    13391     17   2876  -3353
70        2        2        4     -1    13368    13354     17   2876  -3353
71        3        2        5      1    13351    13371     -9   2877  -3353
72        2        2        4     -2    13362    13354     -4   2876  -3352
73        2        2        4      0    13376    13338    -35   2876  -3352
74        2        1        3      0    13346    13372     58   2875  -3352
75        2        2        4      0    13388    13320     -3   2875  -3352
76        3        2        5      0    13385    13318    -60   2875  -3352
77        2        2        4      0    13358    13356    -40   2875  -3352
78        2        2        4     -1    13345    13387     17   2875  -3352
79        2        3        5      0    13380    13344      6   2874  -3352
80        2        2        4      0    13355    13357    -22   2874  -3352
81        2        2        4      0    13388    13328    -50   2874  -3352
82        2        2        4      0    13348    13374     33   2873  -3352
