 8     -125      122       -3    247    12556    12559    -13    655
 9     -126      121       -5    247    12557    12539    -75    655
10     -125      120       -5    245    12557    12557    -50    654
11     -126      121       -5    247    12558    12553    -41    653
12     -125      121       -4    246    12551    12540    -69    653
13     -125      121       -4    246    12553    12553     -8    652
14     -126      120       -6    246    12549    12558      8    652
15     -125      121       -4    246    12553    12556     14    652
16     -125      121       -4    246    12557    12537    -22    652
17     -126      121       -5    247    12555    12545    -43    652
18     -125      121       -4    246    12554    12559    -43    652
19     -126      121       -5    247    12552    12562    -28    652
20     -125      121       -4    246    12546    12567     30    652
21     -125      120       -5    245    12547    12565     20    653
22     -125      121       -4    246    12547    12550     58    653
23     -125      121       -4    246    12557    12561      2    654
24     -125      121       -4    246    12555    12544    -12    654
25     -126      121       -5    247    12555    12559    -32    654
26     -125      121       -4    246    12550    12551    -46    654
27     -125      120       -5    245    12554    12558      5    653
28     -125      121       -4    246    12549    12559     42    653
29     -125      121       -4    246    12554    12549      1    654
30     -126      121       -5    247    12549    12543     -1    654
31     -125      121       -4    246    12556    12558    -26    654
32     -125      121       -4    246    12551    12553    -51    654
33     -125      121       -4    246    12547    12561    -18    654
34     -126      121       -5    247    12545    12563     36    654
35     -125      121       -4    246    12555    12567     15    655
36     -126      121       -5    247    12552    12557     32    655
37     -125      122       -3    247    12553    12547     48    655
38     -126      121       -5    247    12549    12551     -5    656
39     -126      121       -5    247    12559    12555    -41    656
40     -125      121       -4    246    12557    12529     -9    655
41     -126      121       -5    247    12551    12549    -55    655
42     -125      121       -4    246    12555    12552    -14    654
43     -126      121       -5    247    12557    12547    -40    654
44     -125      121       -4    246    12551    12555    -26    654
45     -126      122       -4    248    12553    12564    -15    654
46     -125      120       -5    245    12553    12559    -32    654
47     -125      121       -4    246    12557    12559    -35    654
48     -126      121       -5    247    12547    12558    -14    654
49     -125      121       -4    246    12551    12562     37    654
50     -125      121       -4    246    12551    12559     49    654
51     -126      121       -5    247    12555    12527    -23    654
52     -125      121       -4    246    12557    12541    -70    654
53     -126      121       -5    247    12548    12555     16    653
54     -126      121       -5    247    12552    12558     25    653
55     -125      121       -4    246    12554    12561     48    653
56     -126      122       -4    248    12550    12566     17    654
57     -126      121       -5    247    12546    12549     32    654
58     -126      122       -4    248    12556    12554     56    654
59     -125      121       -4    246    12553    12565     11    655
60     -126      122       -4    248    12550    12556     20    655
61     -126      122       -4    248    12557    12542      7    655
62     -126      121       -5    247    12554    12557      1    655
63     -126      122       -4    248    12552    12564      7    655
64     -126      121       -5    247    12554    12557     -5    655
65     -126      122       -4    248    12554    12543    -35    655
66     -126      121       -5    247    12559    12554    -58    655
67     -126      122       -4    248    12557    12563    -53    655
68     -127      121       -6    248    12552    12567    -60    655
69     -126      122       -4    248    12555    12567    -60    655
70     -126      121       -5    247    12546    12535     -7    654
71     -126      122       -4    248    12550    12559      1    654
72     -126      122       -4    248    12556    12540    -43    654
73     -126      121       -5    247    12548    12555    -37    654
74     -126      122       -4    248    12553    12556     -6    654
75     -126      122       -4    248    12558    12551     10    654
76     -126      121       -5    247    12553    12545    -22    654
77     -125      121       -4    246    12551    12545    -27    654
78     -125      121       -4    246    12556    12561    -18    654
79     -126      121       -5    247    12544    12557     28    654
80     -125      120       -5    245    12559    12540     -1    654
81     -125      121       -4    246    12551    12553     -3    654
82     -125      121       -4    246    12549    12557     -6    654
83     -126      121       -5    247    12555    12561     17    654
84     -125      121       -4    246    12551    12527    -30    654
85     -126      121       -5    247    12546    12553    -50    654
86     -125      121       -4    246    12557    12551    -67    654
87     -125      121       -4    246    12549    12556     10    653
88     -126      121       -5    247    12554    12562     30    653
89     -125      121       -4    246    12555    12549      8    653
90     -126      121       -5    247    12555    12529    -66    653
91     -125      120       -5    245    12553    12545    -17    652
92     -126      121       -5    247    12553    12555    -35    652
93     -125      121       -4    246    12559    12559    -35    652
94     -126      121       -5    247    12549    12557    -16    652
95     -125      121       -4    246    12549    12567     44    652
96     -125      121       -4    246    12551    12567     26    653
97     -125      121       -4    246    12553    12555     68    653
98     -125      121       -4    246    12553    12562      0    654
99     -125      121       -4    246    12557    12542    -42    654
 0     -126      120       -6    246    12556    12536    -23    653
 1     -125      121       -4    246    12549    12539    -39    653
 2     -125      120       -5    245    12556    12561    -47    653
 3     -125      120       -5    245    12557    12552    -74    653
 4     -125      121       -4    246    12558    12559    -17    652
 5     -125      121       -4    246    12550    12555     -4    652
 6     -125      120       -5    245    12557    12532    -35    652
 7     -125      121       -4    246    12551    12537    -74    652
 8     -125      121       -4    246    12545    12557     15    651
 9     -125      121       -4    246    12555    12561     37    651
10     -125      120       -5    245    12549    12561     64    651
11     -125      121       -4    246    12558    12559     -1    652
12     -125      121       -4    246    12559    12556    -18    652
13     -126      120       -6    246    12555    12556    -18    652
14     -125      121       -4    246    12551    12555     -1    652
15     -125      121       -4    246    12553    12552     11    652
16     -125      120       -5    245    12546    12555     36    652
17     -125      121       -4    246    12547    12559      5    653
18     -125      121       -4    246    12549    12550     15    653
19     -125      120       -5    245    12552    12560     46    653
20     -125      121       -4    246    12554    12551     61    653
21     -125      121       -4    246    12552    12560     67    653
22     -125      120       -5    245    12555    12538     42    653
23     -125      121       -4    246    12556    12563     44    653
24     -125      121       -4    246    12553    12559      3    654
25     -125      120       -5    245    12551    12553     18    654
26     -124      121       -3    245    12554    12551     33    654
27     -125      120       -5    245    12555    12554     12    654
28     -125      121       -4    246    12556    12551     -7    654
29     -125      120       -5    245    12557    12542    -46    654
30     -125      120       -5    245    12558    12556    -53    654
31     -125      121       -4    246    12555    12550    -63    654
32     -125      121       -4    246    12548    12561    -35    654
33     -125      120       -5    245    12552    12566     -5    654
34     -124      121       -3    245    12554    12560     -8    654
35     -125      120       -5    245    12554    12562      7    654
36     -126      121       -5    247    12547    12557     38    654
37     -125      121       -4    246    12545    12555     59    654
38     -125      121       -4    246    12555    12548     -7    655
39     -125      121       -4    246    12559    12555    -41    655
40     -126      121       -5    247    12557    12535    -33    654
41     -125      121       -4    246    12555    12556    -50    654
42     -126      121       -5    247    12554    12551     -9    653
43     -125      120       -5    245    12554    12562     16    653
44     -125      121       -4    246    12547    12552     36    653
45     -125      121       -4    246    12546    12566     24    654
46     -125      121       -4    246    12543    12558     12    655
47     -125      121       -4    246    12552    12564     43    655
48     -125      120       -5    245    12552    12552     -4    656
49     -125      121       -4    246    12560    12546    -40    656
50     -125      121       -4    246    12555    12559    -51    656
51     -125      120       -5    245    12554    12544    -12    655
52     -125      121       -4    246    12559    12552    -45    655
53     -125      120       -5    245    12557    12538     -3    654
54     -125      121       -4    246    12553    12553    -11    654
55     -125      121       -4    246    12553    12559    -24    654
56     -125      120       -5    245    12558    12538    -52    654
57     -125      121       -4    246    12559    12556    -72    654
58     -125      120       -5    245    12558    12556    -10    653
59     -125      121       -4    246    12545    12562     16    653
60     -125      120       -5    245    12552    12563     58    653
61     -125      121       -4    246    12551    12558     13    654
62     -125      121       -4    246    12560    12550     12    654
63     -125      120       -5    245    12557    12552     -6    654
64     -125      121       -4    246    12553    12559      8    654
65     -125      120       -5    245    12554    12552     20    654
66     -125      121       -4    246    12548    12560     51    654
67     -125      121       -4    246    12549    12556     22    655
68     -125      120       -5    245    12550    12554     59    655
69     -125      121       -4    246    12554    12539     56    655
70     -125      120       -5    245    12553    12536     26    655
71     -125      121       -4    246    12557    12548    -29    655
72     -125      121       -4    246    12555    12559    -45    655
73     -125      120       -5    245    12549    12544    -35    655
74     -125      121       -4    246    12548    12560     13    655
75     -125      121       -4    246    12541    12566     77    655
76     -125      121       -4    246    12552    12550     19    656
77     -126      121       -5    247    12555    12560     49    656
78     -125      121       -4    246    12553    12545     53    656
79     -125      121       -4    246    12552    12538     33    656
80     -126      121       -5    247    12559    12560     21    656
81     -125      120       -5    245    12554    12547    -22    656
82     -125      121       -4    246    12562    12554    -54    656
83     -126      121       -5    247    12553    12548    -14    655
84     -125      121       -4    246    12555    12555    -25    655
85     -125      121       -4    246    12554    12541    -60    655
86     -126      120       -6    246    12552    12539     -8    654
87     -125      121       -4    246    12553    12560      2    654
88     -125      121       -4    246    12551    12561      9    654
89     -126      122       -4    248    12549    12563     66    654
90     -126      121       -5    247    12548    12553     24    655
91     -125      121       -4    246    12557    12545      0    655
92     -126      121       -5    247    12555    12554    -49    655
93     -125      122       -3    247    12551    12553    -18    654
94     -126      121       -5    247    12553    12559    -18    654
95     -126      121       -5    247    12546    12555      9    654
96     -125      121       -4    246    12547    12560     64    654
97     -125      121       -4    246    12554    12546     60    654
98     -126      121       -5    247    12555    12560     34    654
99     -125      122       -3    247    12555    12557     12    654
 0     -126      121       -5    247    12561    12543    -24    654
 1     -126      121       -5    247    12559    12535     -3    653
 2     -125      121       -4    246    12559    12552    -12    653
 3     -126      122       -4    248    12553    12552    -25    653
 4     -126      121       -5    247    12551    12558     10    653
 5     -125      121       -4    246    12545    12555      3    654
 6     -126      122       -4    248    12549    12563     69    654
 7     -126      121       -5    247    12559    12555     -1    655
 8     -125      121       -4    246    12549    12549     -4    655
 9     -126      122       -4    248    12555    12561     10    655
10     -126      121       -5    247    12557    12553     12    655
11     -125      121       -4    246    12557    12559      5    655
12     -126      121       -5    247    12555    12535    -50    655
13     -125      121       -4    246    12553    12559      5    654
14     -126      121       -5    247    12554    12557      2    654
15     -125      122       -3    247    12557    12557     16    654
16     -125      120       -5    245    12556    12542     17    654
17     -126      121       -5    247    12549    12534     15    654
18     -125      121       -4    246    12545    12556     53    654
19     -125      121       -4    246    12549    12553     63    654
20     -126      121       -5    247    12557    12555     64    654
21     -125      121       -4    246    12553    12553      4    655
22     -126      121       -5    247    12555    12553    -25    655
23     -125      121       -4    246    12559    12559    -35    655
24     -125      121       -4    246    12559    12545    -54    655
25     -126      121       -5    247    12556    12541    -77    655
26     -125      121       -4    246    12551    12564     48    654
27     -125      121       -4    246    12551    12563     20    655
28     -125      121       -4    246    12549    12559     45    655
