 9        0        5        5      4    13410    13298    -13   2905   -112
10        1        3        4      3    13344    13398     49   2904   -113
11        0        4        4      3    13372    13356    -64   2905   -114
12        1        4        5      3    13379    13334      5   2904   -115
13        0        4        4      4    13370    13350    -10   2905   -117
14        1        3        4      2    13349    13373    -27   2906   -118
15        1        4        5      3    13379    13367    -68   2906   -119
16        1        3        4      3    13383    13344    -75   2906   -120
17        2        3        5      2    13358    13367     -8   2905   -121
18        1        3        4      2    13386    13335    -28   2905   -122
19        1        3        4      1    13373    13359     22   2904   -122
20        1        3        4      2    13389    13337     -2   2905   -123
21        2        3        5      2    13363    13355    -38   2905   -124
22        1        4        5      1    13402    13304     -9   2904   -124
23        1        3        4      2    13361    13383     33   2904   -125
24        1        3        4      2    13355    13391     53   2905   -126
25        1        3        4      2    13373    13358    -46   2906   -127
26        2        3        5      2    13379    13353    -16   2905   -128
27        1        3        4      1    13392    13327     -9   2905   -128
28        2        2        4      1    13372    13369     -2   2905   -128
29        2        3        5      0    13360    13373    -40   2905   -128
30        2        3        5      2    13396    13341     -7   2903   -129
31        1        2        3      0    13374    13346    -43   2902   -129
32        2        3        5      1    13355    13384     34   2904   -129
33        2        2        4      1    13364    13351    -25   2905   -129
34        2        3        5      0    13394    13341    -21   2906   -129
35        2        2        4      2    13373    13328    -32   2905   -130
36        1        3        4      0    13370    13357      6   2903   -130
37        2        2        4      1    13380    13328    -31   2902   -130
38        2        3        5      0    13339    13390     28   2903   -130
39        2        2        4      0    13364    13379     46   2903   -130
40        2        3        5      1    13370    13361    -12   2905   -130
41        2        2        4      0    13370    13364    -29   2904   -130
42        1        3        4      2    13384    13348    -39   2904   -131
43        2        3        5      1    13366    13360     19   2905   -131
44        2        2        4      1    13382    13343    -47   2905   -131
45        1        3        4      1    13351    13369      4   2904   -131
46        2        3        5      2    13379    13354    -75   2905   -132
47        1        3        4      1    13404    13323    -54   2904   -132
48        2        2        4      0    13390    13350      5   2902   -132
49        2        3        5      2    13378    13353    -48   2902   -133
50        2        3        5      1    13371    13337     13   2902   -133
51        1        2        3      0    13347    13387    -26   2902   -133
52        2        3        5      1    13395    13351    -14   2901   -133
53        2        2        4      1    13338    13383     56   2900   -133
54        1        3        4      1    13370    13355    -46   2902   -133
55        2        2        4      0    13356    13378     17   2901   -133
56        2        3        5      2    13375    13350    -67   2902   -134
57        1        2        3      0    13351    13371    -38   2901   -134
58        2        2        4      2    13372    13345     14   2900   -135
59        1        3        4      1    13352    13381     15   2902   -135
60        2        3        5      0    13398    13319    -20   2902   -135
61        1        3        4      2    13355    13355     -4   2902   -136
62        1        3        4      2    13342    13401      9   2901   -137
63        2        3        5      1    13364    13371     59   2901   -137
64        2        2        4      1    13334    13399     -5   2902   -137
65        1        3        4      1    13361    13386     41   2902   -137
66        1        3        4      2    13397    13331    -75   2902   -138
67        2        3        5      1    13374    13361     -9   2901   -138
68        2        3        5      2    13377    13365    -32   2902   -139
69        1        3        4      1    13374    13359    -20   2902   -139
70        2        3        5      1    13385    13349    -71   2903   -139
71        2        2        4      0    13376    13354    -28   2902   -139
72        3        2        5     -1    13371    13376     -4   2901   -139
73        2        1        3     -1    13384    13346    -38   2902   -139
74        3        2        5     -1    13389    13355    -58   2903   -139
75        3        2        5     -1    13383    13340    -51   2903   -139
76        2        1        3      0    13366    13353    -29   2902   -139
77        3        2        5     -2    13371    13346     -3   2901   -138
78        2        2        4      0    13370    13368     29   2902   -138
79        3        1        4     -1    13373    13375     22   2901   -138
80        2        2        4     -1    13389    13332    -41   2901   -138
81        3        1        4      0    13370    13343    -70   2899   -138
82        2        2        4     -2    13344    13380     67   2898   -137
83        3        2        5      0    13384    13336      7   2900   -137
84        2        2        4     -1    13365    13362     56   2900   -137
85        3        2        5      0    13375    13339    -24   2901   -137
86        2        2        4     -1    13374    13332    -42   2902   -137
87        2        1        3      0    13369    13356      9   2903   -137
88        3        2        5     -1    13331    13410     78   2903   -137
89        3        2        5     -1    13361    13366     -7   2905   -137
90        2        3        5      0    13356    13368    -10   2906   -137
91        3        2        5     -1    13390    13326    -61   2905   -137
92        3        2        5      0    13337    13408     71   2903   -137
93        2        1        3     -2    13345    13388    -29   2903   -136
94        3        2        5     -1    13370    13358     10   2903   -136
95        2        2        4      0    13372    13372    -62   2902   -136
96        3        1        4     -1    13350    13394     57   2901   -136
97        3        2        5     -1    13375    13338    -43   2903   -136
98        2        2        4     -1    13381    13352    -46   2903   -136
99        3        2        5     -1    13399    13334    -36   2901   -136
 0        2        1        3     -1    13403    13314    -29   2898   -136
 1        3        2        5     -1    13377    13360    -23   2898   -136
 2        2        2        4      0    13354    13377      3   2900   -136
 3        2        2        4      0    13382    13323    -64   2901   -136
 4        3        2        5     -1    13384    13332      5   2901   -136
 5        2        2        4      0    13368    13344    -39   2900   -136
 6        2        2        4      1    13352    13389     79   2899   -136
 7        2        3        5      0    13399    13344    -43   2900   -136
 8        2        2        4      0    13351    13384     58   2900   -136
 9        2        2        4      0    13400    13318    -11   2901   -136
10        2        2        4      0    13354    13350    -53   2901   -136
11        2        2        4      1    13341    13402     64   2900   -136
12        2        2        4      0    13338    13398     32   2902   -136
13        2        2        4     -1    13345    13390     19   2902   -136
14        2        2        4      0    13396    13326    -74   2901   -136
15        2        2        4      1    13374    13348    -17   2900   -136
16        2        3        5      0    13375    13364     19   2900   -136
17        3        2        5     -1    13373    13356    -37   2901   -136
18        2        2        4      0    13366    13364      0   2901   -136
19        3        2        5      0    13383    13323    -75   2902   -136
20        2        2        4     -1    13352    13386     51   2900   -136
21        2        2        4      0    13398    13342    -53   2900   -136
22        3        2        5      0    13350    13394     26   2899   -136
23        2        2        4     -1    13392    13347    -70   2900   -136
24        2        2        4      0    13366    13370      3   2900   -136
25        3        1        4      0    13388    13335    -72   2901   -136
26        2        2        4     -1    13365    13380     -8   2900   -136
27        2        3        5      0    13387    13350    -59   2901   -136
28        2        2        4      0    13390    13340    -71   2901   -136
29        3        2        5      0    13372    13366     -6   2900   -136
30        2        3        5      0    13366    13367      6   2901   -136
31        2        2        4      0    13386    13335    -65   2901   -136
32        3        2        5     -1    13388    13336    -40   2901   -136
33        2        2        4      0    13368    13360     17   2900   -136
34        3        2        5     -1    13365    13337    -50   2900   -136
35        2        2        4      0    13377    13358    -22   2899   -136
36        3        1        4     -1    13371    13373    -26   2899   -136
37        2        3        5      0    13364    13372    -26   2900   -136
38        3        1        4     -1    13373    13366    -10   2900   -136
39        3        2        5     -1    13371    13358     -9   2900   -136
40        2        2        4     -1    13366    13336    -26   2900   -136
41        2        2        4      0    13360    13375    -40   2899   -136
42        3        2        5      0    13371    13359    -56   2898   -136
43        2        2        4     -1    13391    13320     -6   2897   -136
44        3        2        5      0    13378    13354      0   2897   -136
45        2        2        4     -1    13350    13377    -26   2898   -136
46        2        2        4      0    13370    13344    -20   2897   -136
47        2        2        4      0    13388    13331      2   2897   -136
48        3        2        5      0    13364    13350    -27   2898   -136
49        2        2        4     -1    13325    13408     17   2899   -136
50        2        2        4      0    13364    13368    -20   2901   -136
51        2        2        4      0    13372    13345    -48   2900   -136
52        3        2        5      0    13374    13342      5   2900   -136
53        2        2        4     -1    13366    13347    -30   2900   -136
54        2        2        4      0    13368    13348    -24   2899   -136
55        2        2        4      0    13372    13366    -36   2899   -136
56        2        2        4      0    13376    13329    -60   2899   -136
57        2        2        4      1    13379    13332    -34   2899   -136
58        2        3        5      0    13400    13317    -46   2897   -136
59        0        4        4      4    13383    13326    -78   2897   -138
60       -1        5        4      6    13361    13384     42   2895   -141
61       -1        6        5      8    13376    13348    -19   2897   -145
62       -2        6        4      7    13366    13372     36   2898   -149
63       -1        5        4      7    13370    13372    -14   2899   -153
64       -1        6        5      7    13373    13353    -51   2899   -157
65       -1        5        4      5    13371    13348    -58   2899   -159
66       -1        5        4      6    13361    13389     45   2898   -162
67        0        4        4      4    13356    13385    -27   2899   -164
68        0        5        5      6    13380    13342    -13   2899   -167
69       -1        5        4      5    13371    13363     10   2900   -169
70        0        4        4      4    13363    13365      7   2899   -171
71        0        5        5      5    13373    13362    -33   2898   -173
72        0        4        4      4    13375    13356    -30   2898   -175
73       -1        5        4      7    13346    13403    -15   2899   -179
74       -1        6        5      7    13368    13356    -29   2899   -183
75       -1        6        5      7    13348    13402     31   2899   -187
76       -1        5        4      6    13375    13356      1   2899   -190
77       -2        5        3      7    13342    13388     13   2900   -194
78       -1        6        5      6    13400    13320    -11   2899   -197
79       -1        6        5      9    13360    13372    -10   2900   -202
80       -2        6        4      6    13351    13370     -3   2899   -205
81       -1        5        4      6    13358    13378     -3   2899   -208
82        0        5        5      5    13372    13359    -21   2901   -210
83      -33       37        4     68    13354    13385     48   2901   -249
84     -222      227        5    450    13378    13332      5   2902   -512
85     -114      118        4    232    13371    13346    -38   2903   -647
86      -22       26        4     49    13371    13336     -8   2900   -675
87       10       -6        4    -16    13381    13321    -14   2898   -666
88       -4        8        4     11    13390    13322    -45   2899   -672
89        2        2        4      3    13392    13333    -31   2898   -673
90        4        0        4     -6    13387    13334     -5   2896   -670
91        5        0        5     -5    13376    13344      3   2895   -668
92        5       -1        4     -4    13378    13358    -14   2895   -666
93        4        0        4     -6    13367    13358     -7   2896   -663
94        4        0        4     -4    13380    13342     26   2896   -661
95        4        0        4     -3    13391    13318     -2   2895   -660
