75      -16       11       -5     27    12558    12535    -41    653  -4095
76      -16       12       -4     28    12550    12536    -38    653  -4095
77      -16       12       -4     28    12550    12545    -44    652  -4095
78      -16       12       -4     28    12546    12548    -10    651  -4095
79      -16       11       -5     27    12541    12544     -1    652  -4095
80      -15       12       -3     27    12547    12541     -8    652  -4095
81      -16       11       -5     27    12551    12533    -33    652  -4095
82      -16       12       -4     28    12542    12541     -9    651  -4095
83      -16       11       -5     27    12546    12543     31    651  -4095
84      -16       12       -4     28    12552    12536    -46    651  -4095
85      -16       12       -4     28    12543    12549     32    650  -4095
86      -16       11       -5     27    12543    12545    -28    650  -4095
87      -16       12       -4     28    12544    12548     -1    651  -4095
88      -15       12       -3     27    12545    12547      4    651  -4095
89      -16       11       -5     27    12543    12547     10    652  -4095
90      -16       12       -4     28    12541    12546      9    651  -4095
91      -16       12       -4     28    12547    12541     13    651  -4095
92      -16       11       -5     27    12546    12543     66    651  -4095
93      -16       12       -4     28    12544    12542    -75    652  -4095
94      -16       12       -4     28    12548    12540    -17    652  -4095
95      -16       11       -5     27    12551    12539    -42    652  -4095
96      -16       12       -4     28    12549    12539    -52    652  -4095
97      -16       11       -5     27    12551    12533    -46    651  -4095
98      -16       12       -4     28    12550    12539     -2    650  -4095
99      -16       12       -4     28    12548    12539    -27    650  -4095
 0      -16       11       -5     27    12546    12545    -11    650  -4095
 1      -16       12       -4     28    12548    12543    -40    649  -4095
 2      -16       12       -4     28    12554    12534     -5    648  -4095
 3      -16       12       -4     28    12542    12557    -11    648  -4095
 4      -16       11       -5     27    12544    12551     54    649  -4095
 5      -16       13       -3     29    12542    12537    -24    650  -4095
 6      -17       11       -6     28    12550    12542    -58    650  -4095
 7      -16       12       -4     28    12548    12550      1    648  -4095
 8      -16       12       -4     28    12544    12556     64    649  -4095
 9      -16       12       -4     28    12542    12551     46    650  -4095
10      -16       12       -4     28    12548    12549     67    651  -4095
11      -16       12       -4     28    12547    12546     33    652  -4095
12      -17       12       -5     29    12564    12522    -12    652  -4095
13      -16       12       -4     28    12548    12542     49    652  -4095
14      -16       12       -4     28    12554    12541    -69    652  -4095
15      -16       12       -4     28    12552    12538    -19    651  -4095
16      -16       11       -5     27    12548    12540      5    651  -4095
17      -16       12       -4     28    12552    12532    -34    651  -4095
18      -16       12       -4     28    12549    12532    -49    651  -4095
19      -16       11       -5     27    12548    12542     -9    650  -4095
20      -16       12       -4     28    12537    12547      1    651  -4095
21      -16       11       -5     27    12541    12553     10    652  -4095
22      -16       12       -4     28    12561    12528    -18    652  -4095
23      -16       11       -5     27    12552    12538    -32    652  -4095
24      -15       12       -3     27    12553    12537    -76    652  -4095
25      -16       11       -5     27    12554    12528    -64    651  -4095
26      -16       12       -4     28    12554    12531    -46    650  -4095
27      -16       11       -5     27    12543    12539    -59    650  -4095
28      -15       12       -3     27    12549    12539     -4    649  -4095
29      -16       11       -5     27    12549    12541    -23    649  -4095
30      -16       12       -4     28    12552    12539    -35    649  -4095
31      -16       11       -5     27    12545    12549    -56    649  -4095
32      -16       12       -4     28    12542    12549     37    649  -4095
33      -16       11       -5     27    12541    12553    -28    649  -4095
34      -16       12       -4     28    12542    12551     25    650  -4095
35      -15       12       -3     27    12541    12551     48    650  -4095
36      -16       11       -5     27    12544    12551     39    651  -4095
37      -16       12       -4     28    12545    12548     71    651  -4095
38      -15       11       -4     26    12550    12543    -13    652  -4095
39      -16       11       -5     27    12549    12541    -39    652  -4095
40      -16       12       -4     28    12550    12548      4    652  -4095
41      -15       11       -4     26    12538    12555     36    652  -4095
42      -16       12       -4     28    12546    12547      7    653  -4095
43      -16       11       -5     27    12547    12546     75    653  -4095
44      -15       11       -4     26    12549    12543     13    654  -4095
45      -16       12       -4     28    12543    12545    -10    654  -4095
46      -16       11       -5     27    12546    12538    -15    654  -4095
47      -15       11       -4     26    12554    12535    -70    654  -4095
48      -16       12       -4     28    12551    12532    -54    653  -4095
49      -15       11       -4     26    12549    12539    -29    652  -4095
50      -16       11       -5     27    12551    12531    -69    651  -4095
51      -15       12       -3     27    12555    12535     -4    650  -4095
52      -16       11       -5     27    12563    12522    -54    650  -4095
53      -16       11       -5     27    12548    12543    -34    649  -4095
54      -15       12       -3     27    12537    12555      3    649  -4095
55      -16       11       -5     27    12535    12553      6    650  -4095
56      -15       11       -4     26    12538    12551     60    650  -4095
57      -16       11       -5     27    12543    12547     39    651  -4095
58      -16       12       -4     28    12544    12543    -12    651  -4095
59      -15       11       -4     26    12549    12543     -3    651  -4095
60      -16       12       -4     28    12549    12549     -2    652  -4095
61      -16       11       -5     27    12544    12545      0    652  -4095
62      -16       12       -4     28    12560    12511    -55    652  -4095
63      -15       11       -4     26    12547    12539    -64    651  -4095
64      -16       11       -5     27    12545    12543    -33    650  -4095
65      -15       11       -4     26    12545    12549    -20    649  -4095
66      -15       11       -4     26    12543    12549    -15    649  -4095
67      -16       11       -5     27    12545    12555     14    650  -4095
68      -15       12       -3     27    12543    12551     14    650  -4095
69      -15       11       -4     26    12547    12549    -31    650  -4095
70      -16       11       -5     27    12544    12547     10    650  -4095
71      -15       12       -3     27    12546    12548     18    650  -4095
72      -16       11       -5     27    12565    12522    -50    650  -4095
73      -16       12       -4     28    12546    12549     19    649  -4095
74      -15       11       -4     26    12543    12544     12    649  -4095
75      -16       12       -4     28    12545    12545     11    649  -4095
76      -16       11       -5     27    12532    12551     -1    649  -4095
77      -16       12       -4     28    12536    12559     78    650  -4095
78      -16       12       -4     28    12534    12558     63    651  -4095
79      -16       11       -5     27    12539    12551     40    651  -4095
80      -16       12       -4     28    12542    12545     75    652  -4095
81      -16       11       -5     27    12539    12547      5    652  -4095
82      -16       12       -4     28    12545    12541     22    653  -4095
83      -16       12       -4     28    12545    12539    -45    653  -4095
84      -16       12       -4     28    12546    12540     12    653  -4095
85      -16       12       -4     28    12545    12540    -13    652  -4095
86      -16       11       -5     27    12545    12545     13    652  -4095
87      -16       11       -5     27    12538    12549    -24    652  -4095
88      -15       12       -3     27    12543    12548    -13    652  -4095
89      -16       11       -5     27    12541    12545     12    652  -4095
90      -16       12       -4     28    12539    12544     27    652  -4095
91      -15       11       -4     26    12544    12547      3    653  -4095
92      -16       11       -5     27    12545    12549    -31    653  -4095
93      -16       12       -4     28    12544    12539     43    653  -4095
94      -15       11       -4     26    12543    12548     63    653  -4095
95      -16       11       -5     27    12549    12547     39    654  -4095
96      -16       12       -4     28    12544    12547    -40    654  -4095
97      -15       11       -4     26    12545    12545     24    653  -4095
98      -16       12       -4     28    12539    12547     50    654  -4095
99      -16       11       -5     27    12549    12531    -67    655  -4095
 0      -15       11       -4     26    12559    12529    -32    654  -4095
 1      -16       12       -4     28    12547    12539     20    653  -4095
 2      -16       11       -5     27    12571    12516    -67    653  -4095
 3      -15       12       -3     27    12545    12543    -34    652  -4095
 4      -16       11       -5     27    12543    12543    -10    651  -4095
 5      -16       12       -4     28    12549    12546     11    651  -4095
 6      -16       12       -4     28    12552    12538     -6    650  -4095
 7      -16       11       -5     27    12539    12544     31    650  -4095
 8      -16       12       -4     28    12550    12540     -3    651  -4095
 9      -16       11       -5     27    12547    12537    -46    650  -4095
10      -16       12       -4     28    12541    12545     -9    650  -4095
11      -16       11       -5     27    12546    12541     15    650  -4095
12      -15       12       -3     27    12555    12527    -11    650  -4095
13      -16       11       -5     27    12542    12542     64    650  -4095
14      -16       12       -4     28    12542    12545     29    651  -4095
15      -16       11       -5     27    12545    12548     19    652  -4095
16      -16       12       -4     28    12540    12547    -59    652  -4095
17      -16       12       -4     28    12544    12550    -36    651  -4095
18      -16       11       -5     27    12548    12543     56    651  -4095
19      -16       12       -4     28    12552    12534    -55    651  -4095
20      -16       12       -4     28    12546    12538      0    649  -4095
21      -16       11       -5     27    12547    12531     -1    649  -4095
22      -16       12       -4     28    12548    12530    -48    649  -4095
23      -16       11       -5     27    12538    12551    -26    648  -4095
24      -15       12       -3     27    12541    12551     15    647  -4095
25      -16       11       -5     27    12531    12555     -9    647  -4095
26      -16       12       -4     28    12530    12561    -21    647  -4095
27      -16       12       -4     28    12532    12564     77    648  -4095
28      -16       11       -5     27    12542    12559     44    650  -4095
29      -16       12       -4     28    12544    12549     28    652  -4095
30      -15       12       -3     27    12546    12546    -54    652  -4095
31      -16       11       -5     27    12548    12541     -1    652  -4095
32      -16       12       -4     28    12554    12529    -47    651  -4095
33      -16       11       -5     27    12548    12541    -48    651  -4095
34      -16       12       -4     28    12542    12542      9    650  -4095
35      -16       12       -4     28    12542    12547    -51    650  -4095
36      -16       11       -5     27    12542    12551      5    649  -4095
37      -16       12       -4     28    12546    12548     -7    649  -4095
38      -16       11       -5     27    12533    12559     12    649  -4095
39      -16       12       -4     28    12541    12563     23    650  -4095
40      -15       11       -4     26    12540    12552     34    650  -4095
41      -16       11       -5     27    12537    12553     55    651  -4095
42      -16       12       -4     28    12540    12554    -10    651  -4095
43      -16       12       -4     28    12542    12539     -4    652  -4095
44      -16       11       -5     27    12543    12535     13    652  -4095
45      -16       12       -4     28    12546    12537     -5    652  -4095
46      -15       11       -4     26    12554    12530    -51    653  -4095
47      -16       12       -4     28    12552    12539     -9    651  -4095
48      -16       12       -4     28    12546    12545     -8    651  -4095
49      -16       12       -4     28    12543    12554     10    650  -4095
50      -17       12       -5     29    12542    12550      3    651  -4095
51      -16       11       -5     27    12546    12555     74    651  -4095
52      -16       12       -4     28    12562    12533     -9    651  -4095
53      -16       13       -3     29    12540    12552     49    651  -4095
54      -17       12       -5     29    12547    12538    -46    652  -4095
55      -16       12       -4     28    12548    12542    -68    652  -4095
56      -16       12       -4     28    12550    12546     56    651  -4095
57      -17       12       -5     29    12550    12542    -11    651  -4095
58      -16       13       -3     29    12542    12548     15    651  -4095
59      -17       12       -5     29    12548    12550     39    651  -4095
60      -16       12       -4     28    12546    12540    -32    652  -4095
61      -16       12       -4     28    12548    12550      4    651  -4095
62      -16       12       -4     28    12552    12541    -36    651  -4095
63      -17       12       -5     29    12542    12553     15    650  -4095
64      -16       12       -4     28    12543    12542    -18    650  -4095
65      -16       12       -4     28    12544    12536    -45    650  -4095
66      -16       12       -4     28    12545    12552    -36    649  -4095
67      -16       12       -4     28    12544    12550      9    649  -4095
68      -16       12       -4     28    12540    12548    -33    649  -4095
