87       -5        0       -5      5    12546    12560     18    656  -3322
88       -4        0       -4      4    12547    12553     55    656  -3324
89       -4       -1       -5      3    12553    12547     68    656  -3325
90       -4        0       -4      4    12552    12548    -15    657  -3327
91       -3        0       -3      3    12553    12549    -16    657  -3328
92       -4       -1       -5      3    12557    12541    -21    657  -3329
93       -4        0       -4      4    12550    12545     -6    657  -3331
94       -4       -1       -5      3    12545    12537    -49    657  -3332
95       -3        0       -3      3    12551    12543    -19    656  -3333
96       -4       -1       -5      3    12548    12545    -49    656  -3334
97       -4        0       -4      4    12545    12550      7    655  -3336
98       -3       -1       -4      2    12543    12549     13    655  -3337
99       -3       -1       -4      2    12549    12552      0    655  -3338
 0       -3       -1       -4      2    12547    12554     -2    655  -3339
 1       -4       -1       -5      3    12543    12560     43    655  -3340
 2       -3       -1       -4      2    12553    12547     -3    656  -3341
 3       -3       -2       -5      1    12548    12555     30    656  -3341
 4       -3       -1       -4      2    12548    12552     54    656  -3342
 5       -2       -1       -3      1    12554    12550     -6    657  -3342
 6       -3       -2       -5      1    12550    12549    -10    657  -3342
 7       -3       -1       -4      2    12546    12548    -31    657  -3343
 8       -3       -1       -4      2    12552    12555    -15    657  -3344
 9       -2       -2       -4      0    12551    12550    -20    657  -3344
10       -3       -1       -4      2    12556    12547    -48    657  -3345
11       -3       -1       -4      2    12552    12555    -36    657  -3346
12       -3       -2       -5      1    12559    12548    -30    657  -3346
13       -3       -1       -4      2    12549    12548    -25    657  -3347
14       -2       -2       -4      0    12549    12548    -40    657  -3347
15       -3       -2       -5      1    12549    12546    -38    657  -3347
16       -3       -1       -4      2    12552    12544    -46    657  -3348
17       -2       -2       -4      0    12551    12548    -40    657  -3348
18       -3       -1       -4      2    12544    12554    -12    657  -3349
19       -3       -2       -5      1    12550    12554     15    657  -3349
20       -2       -1       -3      1    12548    12550      7    657  -3349
21       -3       -2       -5      1    12552    12548     -6    657  -3349
22       -2       -2       -4      0    12549    12544    -23    657  -3349
23       -2       -1       -3      1    12550    12550    -46    657  -3349
24       -3       -2       -5      1    12548    12552    -30    657  -3349
25       -2       -2       -4      0    12549    12549    -23    657  -3349
26       -3       -2       -5      1    12554    12542    -54    657  -3349
27       -2       -2       -4      0    12552    12541    -19    656  -3349
28       -2       -1       -3      1    12550    12542    -58    656  -3349
29       -3       -2       -5      1    12542    12553    -45    656  -3349
30       -3       -1       -4      2    12543    12560     15    656  -3350
31       -3       -2       -5      1    12544    12558     66    656  -3350
32       -3       -1       -4      2    12551    12550    -14    657  -3351
33       -3       -1       -4      2    12556    12544    -34    657  -3352
34       -2       -1       -3      1    12552    12542    -54    657  -3352
35       -3       -2       -5      1    12546    12546      1    656  -3352
36       -3       -1       -4      2    12549    12554      6    656  -3353
37       -3       -1       -4      2    12550    12557     28    656  -3354
38       -3       -2       -5      1    12544    12560      5    657  -3354
39       -2       -1       -3      1    12546    12550     35    657  -3354
40       -2       -2       -4      0    12550    12558      0    658  -3354
41       -3       -2       -5      1    12544    12550     11    658  -3354
42       -2       -2       -4      0    12563    12542    -16    658  -3354
43       -2       -2       -4      0    12559    12546    -26    658  -3354
44       -3       -2       -5      1    12552    12546    -58    658  -3354
45       -2       -2       -4      0    12550    12545     -3    657  -3354
46       -2       -2       -4      0    12554    12540    -44    657  -3354
47       -2       -2       -4      0    12551    12541     -6    656  -3354
48       -2       -2       -4      0    12550    12547    -34    656  -3354
49       -2       -3       -5     -1    12550    12541    -71    656  -3354
50       -2       -2       -4      0    12551    12547     -8    655  -3354
51       -2       -2       -4      0    12545    12545     -5    655  -3354
52       -2       -3       -5     -1    12555    12544      5    655  -3354
53       -2       -2       -4      0    12544    12551     25    655  -3354
54       -2       -3       -5     -1    12546    12549     41    655  -3354
55       -1       -2       -3     -1    12549    12547     29    655  -3354
56       -2       -2       -4      0    12553    12544      9    655  -3354
57       -2       -3       -5     -1    12549    12545    -12    655  -3354
58       -2       -2       -4      0    12546    12548     -8    655  -3354
59       -2       -3       -5     -1    12543    12555     41    655  -3354
60       -2       -2       -4      0    12545    12552     66    655  -3354
61       -2       -3       -5     -1    12546    12549     76    655  -3354
62       -1       -2       -3     -1    12553    12539     59    655  -3354
63       -2       -2       -4      0    12547    12550     55    655  -3354
64       -2       -3       -5     -1    12543    12553     63    655  -3354
65       -2       -2       -4      0    12547    12548     -1    656  -3354
66       -2       -2       -4      0    12543    12559     34    656  -3354
67       -2       -2       -4      0    12542    12556      1    657  -3354
68       -2       -2       -4      0    12549    12555     42    657  -3354
69       -2       -2       -4      0    12546    12558      2    658  -3354
70       -2       -2       -4      0    12546    12554     15    658  -3354
71       -3       -2       -5      1    12556    12542      0    658  -3354
72       -2       -2       -4      0    12550    12536    -61    658  -3354
73       -3       -2       -5      1    12548    12544    -15    657  -3354
74       -2       -2       -4      0    12545    12544    -42    657  -3354
75       -3       -1       -4      2    12546    12542    -67    657  -3355
76       -2       -2       -4      0    12552    12548     -2    656  -3355
77       -3       -2       -5      1    12552    12548    -19    656  -3355
78       -2       -1       -3      1    12554    12544    -25    656  -3355
79       -3       -2       -5      1    12546    12550    -14    656  -3355
80       -2       -2       -4      0    12550    12550    -26    656  -3355
81       -3       -2       -5      1    12552    12538    -75    656  -3355
82       -2       -1       -3      1    12544    12558     20    655  -3355
83       -3       -2       -5      1    12546    12554     73    655  -3355
84       -2       -2       -4      0    12549    12556     12    656  -3355
85       -2       -2       -4      0    12553    12552     18    656  -3355
86       -2       -2       -4      0    12550    12552     35    656  -3355
87       -3       -1       -4      2    12548    12550     52    656  -3356
88       -2       -2       -4      0    12546    12550      2    657  -3356
89       -2       -2       -4      0    12552    12550      3    657  -3356
90       -2       -2       -4      0    12551    12546    -13    657  -3356
91       -2       -2       -4      0    12547    12545    -36    657  -3356
92       -2       -2       -4      0    12561    12534     -4    656  -3356
93       -2       -3       -5     -1    12549    12549    -21    656  -3356
94       -1       -3       -4     -2    12549    12549    -40    656  -3355
95       -2       -2       -4      0    12549    12542    -71    656  -3355
96       -2       -3       -5     -1    12545    12553      7    655  -3355
97       -2       -3       -5     -1    12542    12549     19    655  -3355
98       -1       -3       -4     -2    12541    12552     41    655  -3354
99       -2       -3       -5     -1    12545    12560     67    655  -3354
 0       -1       -3       -4     -2    12539    12558     46    656  -3353
 1       -1       -3       -4     -2    12549    12553      8    657  -3352
 2       -2       -3       -5     -1    12555    12547     31    657  -3352
 3       -1       -2       -3     -1    12548    12563     71    657  -3352
 4       -2       -3       -5     -1    12549    12549     18    658  -3352
 5       -1       -3       -4     -2    12549    12555     34    658  -3351
 6       -1       -3       -4     -2    12549    12551     54    658  -3350
 7       -2       -2       -4      0    12551    12553     63    658  -3350
 8       -2       -3       -5     -1    12552    12551     -3    659  -3350
 9       -1       -2       -3     -1    12553    12544    -17    659  -3350
10       -2       -3       -5     -1    12545    12550     -8    659  -3350
11       -2       -2       -4      0    12555    12552     -9    659  -3350
12       -2       -2       -4      0    12559    12545    -24    659  -3350
13       -2       -2       -4      0    12553    12548    -50    659  -3350
14       -2       -2       -4      0    12556    12548     -3    658  -3350
15       -2       -2       -4      0    12556    12550    -16    658  -3350
16       -3       -2       -5      1    12550    12549    -25    658  -3350
17       -2       -2       -4      0    12548    12554     -9    658  -3350
18       -2       -2       -4      0    12546    12556     22    658  -3350
19       -3       -2       -5      1    12544    12556     66    658  -3350
20       -2       -2       -4      0    12546    12550     -1    659  -3350
21       -3       -2       -5      1    12550    12540    -26    659  -3350
22       -2       -1       -3      1    12558    12530    -35    658  -3350
23       -3       -2       -5      1    12550    12548    -70    658  -3350
24       -2       -2       -4      0    12550    12552      4    657  -3350
25       -2       -2       -4      0    12546    12552     22    657  -3350
26       -3       -1       -4      2    12544    12551     40    657  -3351
27       -2       -2       -4      0    12550    12554      0    658  -3351
28       -3       -2       -5      1    12550    12546      5    658  -3351
29       -2       -2       -4      0    12546    12548     22    658  -3351
30       -3       -2       -5      1    12546    12548     38    658  -3351
31       -2       -1       -3      1    12554    12552      9    658  -3351
32       -3       -2       -5      1    12552    12551     19    658  -3351
33       -2       -2       -4      0    12551    12554     13    658  -3351
34       -2       -2       -4      0    12555    12552     10    658  -3351
35       -2       -2       -4      0    12558    12542    -31    658  -3351
36       -3       -2       -5      1    12546    12542     -8    657  -3351
37       -2       -2       -4      0    12552    12543    -52    657  -3351
38       -2       -2       -4      0    12547    12549      3    656  -3351
39       -2       -2       -4      0    12548    12555     39    656  -3351
40       -2       -2       -4      0    12546    12550     54    656  -3351
41       -2       -2       -4      0    12545    12548     79    656  -3351
42       -3       -2       -5      1    12562    12536    -31    657  -3351
43       -2       -2       -4      0    12550    12548    -45    657  -3351
44       -3       -2       -5      1    12554    12540    -69    657  -3351
45       -2       -2       -4      0    12548    12538    -13    656  -3351
46       -2       -2       -4      0    12552    12540    -64    656  -3351
47       -3       -2       -5      1    12550    12551    -13    655  -3351
48       -2       -2       -4      0    12545    12549    -15    655  -3351
49       -2       -2       -4      0    12550    12539    -44    655  -3351
50       -2       -2       -4      0    12550    12542      1    654  -3351
51       -2       -2       -4      0    12549    12545    -12    654  -3351
52       -2       -2       -4      0    12550    12542    -17    654  -3351
53       -2       -2       -4      0    12547    12551     16    654  -3351
54       -3       -2       -5      1    12544    12550     43    654  -3351
55       -2       -3       -5     -1    12540    12563     35    655  -3351
56       -1       -2       -3     -1    12549    12553      9    656  -3351
57       -2       -2       -4      0    12549    12550     25    656  -3351
58       -2       -3       -5     -1    12542    12562     64    656  -3351
59       -2       -2       -4      0    12544    12553     21    657  -3351
60       -2       -2       -4      0    12549    12548     21    657  -3351
61       -2       -3       -5     -1    12544    12546     21    657  -3351
62       -2       -2       -4      0    12556    12545    -10    657  -3351
63       -2       -2       -4      0    12545    12550    -25    657  -3351
64       -2       -3       -5     -1    12540    12562     15    657  -3351
65       -2       -2       -4      0    12543    12553     69    657  -3351
66       -2       -2       -4      0    12553    12548     -5    658  -3351
67       -2       -2       -4      0    12552    12536    -66    658  -3351
68       -2       -2       -4      0    12551    12542    -23    657  -3351
69       -2       -2       -4      0    12550    12536    -67    657  -3351
70       -3       -2       -5      1    12548    12546    -16    656  -3351
71       -2       -2       -4      0    12550    12548    -36    656  -3351
72       -2       -2       -4      0    12554    12542    -11    655  -3351
73       -2       -2       -4      0    12550    12541    -47    655  -3351
74       -2       -3       -5     -1    12550    12547    -72    655  -3351
75       -2       -1       -3      1    12554    12550      4    654  -3351
76       -3       -3       -6      0    12546    12561     48    654  -3351
77       -2       -1       -3      1    12544    12558     38    655  -3351
78       -2       -2       -4      0    12544    12550     47    655  -3351
79       -2       -3       -5     -1    12542    12552      0    656  -3351
80       -2       -2       -4      0    12544    12550     29    656  -3351
81       -2       -2       -4      0    12548    12550     47    656  -3351
82       -2       -2       -4      0    12550    12547     62    656  -3351
83       -3       -2       -5      1    12554    12544     57    656  -3351
84       -2       -2       -4      0    12552    12542     42    656  -3351
85       -2       -2       -4      0    12550    12548     35    656  -3351
86       -2       -2       -4      0    12548    12548     34    656  -3351
87       -3       -2       -5      1    12546    12548     23    656  -3351
88       -2       -2       -4      0    12550    12540     -6    656  -3351
