40       -4        0       -4      4    12549    12541    -29    656  -3865
41       -5        0       -5      5    12548    12548    -52    656  -3867
42       -3        0       -3      3    12551    12542    -42    655  -3868
43       -4       -1       -5      3    12548    12539    -68    655  -3869
44       -4       -1       -5      3    12553    12549    -26    654  -3870
45       -3        0       -3      3    12553    12547    -41    654  -3871
46       -4       -1       -5      3    12546    12547    -51    654  -3872
47       -3       -1       -4      2    12549    12545    -54    654  -3873
48       -4       -1       -5      3    12549    12545    -56    654  -3874
49       -3       -1       -4      2    12544    12539     -2    653  -3875
50       -3       -1       -4      2    12557    12538     -2    652  -3876
51       -3       -1       -4      2    12563    12545    -68    652  -3877
52       -3       -1       -4      2    12546    12543      5    651  -3878
53       -3       -2       -5      1    12550    12540     -6    651  -3878
54       -2       -1       -3      1    12548    12534    -43    651  -3878
55       -3       -1       -4      2    12550    12547     -7    650  -3879
56       -3       -2       -5      1    12547    12547     -7    650  -3879
57       -3       -1       -4      2    12549    12548      0    650  -3880
58       -3       -2       -5      1    12552    12546      7    650  -3880
59       -2       -1       -3      1    12550    12548      5    650  -3880
60       -3       -2       -5      1    12547    12544     -2    650  -3880
61       -2       -1       -3      1    12550    12547    -16    650  -3880
62       -3       -2       -5      1    12556    12532    -55    650  -3880
63       -2       -2       -4      0    12550    12550    -61    650  -3880
64       -3       -1       -4      2    12542    12552    -38    650  -3881
65       -2       -2       -4      0    12542    12552      3    650  -3881
66       -3       -2       -5      1    12542    12546     20    650  -3881
67       -3       -2       -5      1    12543    12550     42    650  -3881
68       -2       -2       -4      0    12542    12552     13    651  -3881
69       -2       -1       -3      1    12549    12550     15    651  -3881
70       -3       -2       -5      1    12550    12542     -8    651  -3881
71       -2       -2       -4      0    12558    12540    -76    651  -3881
72       -2       -2       -4      0    12550    12532    -40    650  -3881
73       -3       -2       -5      1    12542    12542    -35    650  -3881
74       -2       -2       -4      0    12544    12551    -13    650  -3881
75       -3       -1       -4      2    12542    12550     24    650  -3882
76       -2       -2       -4      0    12544    12548     70    650  -3882
77       -2       -2       -4      0    12553    12542     40    650  -3882
78       -3       -2       -5      1    12548    12544      9    650  -3882
79       -2       -2       -4      0    12548    12546     -6    650  -3882
80       -2       -2       -4      0    12548    12540    -36    650  -3882
81       -3       -1       -4      2    12546    12542    -53    650  -3883
82       -2       -2       -4      0    12550    12538     -9    649  -3883
83       -2       -2       -4      0    12544    12544     -8    649  -3883
84       -3       -2       -5      1    12542    12544      5    649  -3883
85       -2       -2       -4      0    12543    12543      8    649  -3883
86       -2       -2       -4      0    12547    12541     -7    649  -3883
87       -2       -2       -4      0    12542    12544    -15    649  -3883
88       -3       -2       -5      1    12542    12544     -4    649  -3883
89       -2       -2       -4      0    12542    12548     17    649  -3883
90       -3       -1       -4      2    12544    12548     62    649  -3884
91       -3       -2       -5      1    12547    12551     27    650  -3884
92       -3       -1       -4      2    12547    12548     24    650  -3885
93       -2       -2       -4      0    12550    12550     14    650  -3885
94       -3       -1       -4      2    12541    12550     40    650  -3886
95       -3       -2       -5      1    12543    12550     -1    651  -3886
96       -2       -1       -3      1    12544    12550      7    651  -3886
97       -3       -2       -5      1    12546    12550     20    651  -3886
98       -3       -1       -4      2    12545    12551     31    651  -3887
99       -3       -2       -5      1    12543    12552     50    651  -3887
 0       -3       -1       -4      2    12545    12552      9    652  -3888
 1       -2       -1       -3      1    12545    12552     36    652  -3888
 2       -3       -2       -5      1    12552    12531     15    652  -3888
 3       -3       -1       -4      2    12544    12552     32    652  -3889
 4       -2       -2       -4      0    12546    12554     52    652  -3889
 5       -3       -1       -4      2    12543    12552     -1    653  -3890
 6       -3       -2       -5      1    12546    12548     13    653  -3890
 7       -2       -1       -3      1    12546    12550     21    653  -3890
 8       -3       -2       -5      1    12548    12549     38    653  -3890
 9       -2       -2       -4      0    12546    12545     27    653  -3890
10       -2       -2       -4      0    12546    12546     12    653  -3890
11       -2       -2       -4      0    12555    12530    -51    653  -3890
12       -2       -3       -5     -1    12561    12527    -76    652  -3890
13       -2       -2       -4      0    12554    12532    -55    651  -3890
14       -3       -1       -4      2    12550    12542    -18    650  -3891
15       -2       -2       -4      0    12542    12552    -17    650  -3891
16       -3       -2       -5      1    12544    12555     26    650  -3891
17       -2       -2       -4      0    12542    12548     42    650  -3891
18       -3       -2       -5      1    12550    12542     25    650  -3891
19       -2       -2       -4      0    12546    12540      5    650  -3891
20       -2       -2       -4      0    12548    12540    -22    650  -3891
21       -3       -2       -5      1    12546    12540    -53    650  -3891
22       -2       -1       -3      1    12551    12532    -26    649  -3891
23       -3       -2       -5      1    12548    12542    -42    649  -3891
24       -2       -2       -4      0    12544    12540    -63    649  -3891
25       -3       -2       -5      1    12540    12550     10    648  -3891
26       -3       -2       -5      1    12543    12552     56    648  -3891
27       -2       -1       -3      1    12543    12554     13    649  -3891
28       -3       -2       -5      1    12543    12554     63    649  -3891
29       -2       -2       -4      0    12543    12552     26    650  -3891
30       -2       -2       -4      0    12541    12552     63    650  -3891
31       -2       -2       -4      0    12550    12544     -7    651  -3891
32       -2       -2       -4      0    12553    12548    -36    651  -3891
33       -2       -2       -4      0    12548    12550    -23    651  -3891
34       -2       -2       -4      0    12546    12549     -6    651  -3891
35       -2       -2       -4      0    12544    12547    -16    651  -3891
36       -2       -2       -4      0    12556    12542    -45    651  -3891
37       -2       -2       -4      0    12554    12545     -2    650  -3891
38       -2       -2       -4      0    12550    12546      0    650  -3891
39       -2       -3       -5     -1    12556    12547    -21    650  -3891
40       -2       -2       -4      0    12550    12548    -42    650  -3891
41       -2       -2       -4      0    12556    12550    -55    650  -3891
42       -2       -2       -4      0    12546    12546    -52    650  -3891
43       -2       -3       -5     -1    12547    12547    -46    650  -3891
44       -2       -2       -4      0    12549    12544    -60    650  -3891
45       -2       -2       -4      0    12542    12543      2    649  -3891
46       -2       -2       -4      0    12541    12545     23    649  -3891
47       -2       -3       -5     -1    12539    12551     60    649  -3891
48       -2       -2       -4      0    12542    12549      8    650  -3891
49       -2       -2       -4      0    12538    12552     53    650  -3891
50       -2       -3       -5     -1    12543    12547     22    651  -3891
51       -2       -2       -4      0    12542    12549     61    651  -3891
52       -2       -2       -4      0    12562    12524    -40    652  -3891
53       -2       -3       -5     -1    12544    12543    -51    652  -3891
54       -2       -2       -4      0    12545    12549    -45    652  -3891
55       -2       -2       -4      0    12542    12544    -27    652  -3891
56       -2       -2       -4      0    12552    12543    -31    652  -3891
57       -2       -3       -5     -1    12557    12544    -76    652  -3891
58       -2       -2       -4      0    12553    12542    -58    651  -3891
59       -2       -2       -4      0    12558    12542    -42    650  -3891
60       -2       -2       -4      0    12548    12548    -70    650  -3891
61       -3       -2       -5      1    12546    12550      8    649  -3891
62       -2       -2       -4      0    12550    12548     17    649  -3891
63       -2       -1       -3      1    12542    12556     76    649  -3891
64       -3       -2       -5      1    12542    12552     55    650  -3891
65       -2       -2       -4      0    12546    12549     17    651  -3891
66       -2       -2       -4      0    12542    12549     47    651  -3891
67       -3       -2       -5      1    12544    12550     76    651  -3891
68       -2       -2       -4      0    12554    12532    -43    652  -3891
69       -2       -3       -5     -1    12550    12539    -15    651  -3891
70       -2       -2       -4      0    12550    12543    -56    651  -3891
71       -2       -2       -4      0    12550    12543    -13    650  -3891
72       -2       -3       -5     -1    12552    12538    -56    650  -3891
73       -2       -2       -4      0    12552    12550    -69    650  -3891
74       -2       -2       -4      0    12548    12546    -73    650  -3891
75       -2       -2       -4      0    12550    12549      6    649  -3891
76       -2       -2       -4      0    12546    12548     49    649  -3891
77       -2       -2       -4      0    12546    12550     24    650  -3891
78       -2       -2       -4      0    12554    12540     17    650  -3891
79       -2       -3       -5     -1    12550    12552     22    650  -3891
80       -2       -2       -4      0    12550    12546      3    650  -3891
81       -2       -2       -4      0    12552    12548    -11    650  -3891
82       -2       -3       -5     -1    12547    12550     -7    650  -3891
83       -2       -2       -4      0    12550    12543    -20    650  -3891
84       -2       -2       -4      0    12554    12546    -48    650  -3891
85       -2       -2       -4      0    12554    12549    -65    650  -3891
86       -2       -2       -4      0    12552    12548    -69    650  -3891
87       -2       -2       -4      0    12548    12550    -62    650  -3891
88       -2       -3       -5     -1    12550    12541    -16    649  -3891
89       -2       -2       -4      0    12552    12548    -32    649  -3891
90       -2       -2       -4      0    12550    12542    -52    649  -3891
91       -2       -2       -4      0    12554    12546    -69    649  -3891
92       -2       -2       -4      0    12548    12547      9    648  -3891
93       -2       -3       -5     -1    12542    12547     26    648  -3891
