54     -206      202       -4    408    12554    12549     -6    656
55     -207      202       -5    409    12550    12552     -4    656
56     -207      202       -5    409    12552    12546    -19    656
57     -206      202       -4    408    12554    12544    -26    656
58     -207      202       -5    409    12556    12542    -70    656
59     -206      202       -4    408    12542    12563     38    655
60     -206      202       -4    408    12546    12552     18    656
61     -207      202       -5    409    12551    12550     10    656
62     -207      202       -5    409    12554    12554      0    656
63     -206      202       -4    408    12546    12556     29    656
64     -206      202       -4    408    12550    12562      9    657
65     -207      202       -5    409    12548    12553     28    657
66     -206      202       -4    408    12550    12542     12    657
67     -207      202       -5    409    12556    12544    -16    657
68     -207      201       -6    408    12554    12539    -71    657
69     -206      202       -4    408    12552    12543    -27    656
70     -207      202       -5    409    12556    12540     -3    655
71     -207      202       -5    409    12549    12546    -24    655
72     -207      202       -5    409    12552    12544    -38    655
73     -206      202       -4    408    12550    12542    -46    655
74     -207      201       -6    408    12548    12544    -74    655
75     -207      202       -5    409    12550    12559      5    654
76     -206      202       -4    408    12544    12552     28    654
77     -207      202       -5    409    12546    12559      2    655
78     -206      203       -3    409    12542    12554     55    655
79     -206      202       -4    408    12546    12556     28    656
80     -207      202       -5    409    12546    12548     64    656
81     -207      203       -4    410    12544    12550      5    657
82     -207      202       -5    409    12555    12544      4    657
83     -207      202       -5    409    12555    12554    -24    657
84     -207      203       -4    410    12554    12555     -6    657
85     -207      202       -5    409    12548    12550     14    657
86     -207      203       -4    410    12552    12548     -5    657
87     -207      202       -5    409    12548    12546    -22    657
88     -207      202       -5    409    12545    12548     -7    657
89     -206      202       -4    408    12554    12548     -4    657
90     -207      203       -4    410    12554    12546    -27    657
91     -207      202       -5    409    12557    12550    -56    657
92     -207      202       -5    409    12556    12552    -66    657
93     -207      202       -5    409    12552    12550    -66    657
94     -206      203       -3    409    12550    12554     12    656
95     -207      202       -5    409    12548    12551     11    656
96     -207      202       -5    409    12553    12552     -1    656
97     -207      202       -5    409    12554    12544    -26    656
98     -206      202       -4    408    12546    12552    -41    656
99     -207      202       -5    409    12544    12557     -1    656
 0     -206      202       -4    408    12544    12558     79    656
 1     -206      202       -4    408    12548    12556     21    657
 2     -207      202       -5    409    12556    12551      7    657
 3     -206      202       -4    408    12556    12552    -27    657
 4     -207      202       -5    409    12552    12554    -14    657
 5     -206      202       -4    408    12546    12554     24    657
 6     -207      202       -5    409    12550    12562     57    657
 7     -206      202       -4    408    12544    12559     21    658
 8     -207      202       -5    409    12548    12550     27    658
 9     -206      202       -4    408    12552    12554     10    658
10     -206      202       -4    408    12546    12551     17    658
11     -207      202       -5    409    12554    12550     10    658
12     -206      202       -4    408    12564    12545    -31    658
13     -206      201       -5    407    12555    12545      1    657
14     -206      201       -5    407    12550    12549    -17    657
15     -206      202       -4    408    12549    12546    -45    657
16     -206      201       -5    407    12556    12555     -1    656
17     -206      201       -5    407    12550    12551     -5    656
18     -206      201       -5    407    12553    12557      7    656
19     -206      202       -4    408    12555    12550      7    656
20     -206      201       -5    407    12554    12548      0    656
21     -206      202       -4    408    12556    12552    -29    656
22     -206      201       -5    407    12554    12549    -46    656
23     -207      202       -5    409    12552    12549    -65    656
24     -206      201       -5    407    12551    12555     15    655
25     -206      202       -4    408    12548    12555     43    655
26     -206      202       -4    408    12546    12558      0    656
27     -207      202       -5    409    12546    12561     62    656
28     -206      202       -4    408    12546    12545     71    656
29     -206      202       -4    408    12548    12550      0    657
30     -207      202       -5    409    12546    12554     31    657
31     -206      202       -4    408    12542    12556     67    657
32     -207      202       -5    409    12544    12553     20    658
33     -206      202       -4    408    12544    12557     67    658
34     -207      202       -5    409    12554    12549     -3    659
35     -206      202       -4    408    12554    12545    -43    659
36     -207      202       -5    409    12554    12550     -6    658
37     -207      202       -5    409    12553    12548    -41    658
38     -206      202       -4    408    12548    12549    -60    658
39     -207      202       -5    409    12548    12562    -16    658
40     -206      202       -4    408    12554    12548    -21    658
41     -207      202       -5    409    12553    12560    -14    658
42     -207      202       -5    409    12550    12550    -20    658
43     -206      202       -4    408    12552    12553    -11    658
44     -206      202       -4    408    12544    12554     21    658
45     -207      202       -5    409    12550    12551     26    658
46     -206      202       -4    408    12550    12555     46    658
47     -207      202       -5    409    12546    12564     74    658
48     -206      202       -4    408    12549    12552     15    659
49     -207      202       -5    409    12547    12550     38    659
50     -206      202       -4    408    12548    12546     54    659
51     -207      202       -5    409    12550    12552     68    659
52     -207      203       -4    410    12552    12558     78    659
53     -206      202       -4    408    12548    12554     25    660
54     -207      202       -5    409    12556    12556     39    660
55     -207      203       -4    410    12550    12546     42    660
56     -207      202       -5    409    12550    12556     56    660
57     -207      202       -5    409    12551    12548     48    660
58     -206      203       -3    409    12554    12546     21    660
59     -207      202       -5    409    12551    12554     14    660
60     -207      202       -5    409    12557    12546    -28    660
61     -207      202       -5    409    12556    12546    -16    659
62     -207      202       -5    409    12554    12548    -53    659
63     -207      203       -4    410    12555    12548    -74    659
64     -207      202       -5    409    12551    12560     14    658
65     -207      203       -4    410    12556    12550     -8    658
66     -207      202       -5    409    12551    12546    -35    658
67     -208      203       -5    411    12559    12542     -9    657
68     -207      202       -5    409    12552    12546    -32    657
69     -207      202       -5    409    12547    12556    -19    657
70     -207      203       -4    410    12544    12564     40    657
71     -206      202       -4    408    12543    12560     17    658
72     -207      203       -4    410    12546    12554     54    658
73     -207      202       -5    409    12548    12554     -1    659
74     -207      203       -4    410    12554    12548     -1    659
75     -207      202       -5    409    12552    12548    -19    659
76     -207      203       -4    410    12551    12546    -54    659
77     -207      202       -5    409    12554    12545     -3    658
78     -207      203       -4    410    12557    12550    -22    658
79     -207      202       -5    409    12553    12544    -58    658
80     -207      202       -5    409    12547    12542     -7    657
81     -208      203       -5    411    12553    12550    -31    657
82     -206      202       -4    408    12550    12554    -28    657
83     -207      203       -4    410    12547    12560    -12    657
84     -207      202       -5    409    12551    12562     -2    657
85     -207      202       -5    409    12550    12546     11    657
86     -206      203       -3    409    12548    12556     47    657
87     -207      202       -5    409    12553    12551     46    657
88     -206      202       -4    408    12544    12554     51    657
89     -207      202       -5    409    12550    12547     49    657
90     -207      202       -5    409    12552    12546     16    657
91     -206      202       -4    408    12554    12543    -18    657
92     -207      202       -5    409    12554    12544    -59    657
93     -207      201       -6    408    12550    12541    -19    656
94     -207      202       -5    409    12550    12548    -34    656
95     -206      202       -4    408    12546    12550    -14    656
96     -207      202       -5    409    12548    12550    -18    656
97     -206      202       -4    408    12548    12545    -32    656
98     -207      202       -5    409    12550    12552    -30    656
99     -206      202       -4    408    12548    12562     21    656
 0     -206      202       -4    408    12542    12562      4    657
 1     -207      202       -5    409    12546    12554     13    657
 2     -206      202       -4    408    12548    12560     43    657
 3     -206      201       -5    407    12551    12555     -2    658
 4     -206      202       -4    408    12550    12553     16    658
 5     -206      202       -4    408    12546    12553     36    658
 6     -206      202       -4    408    12550    12556     59    658
 7     -206      201       -5    407    12554    12549     44    658
 8     -207      202       -5    409    12554    12542      7    658
 9     -206      201       -5    407    12556    12549    -23    658
10     -207      202       -5    409    12550    12552    -27    658
11     -206      202       -4    408    12548    12554    -24    658
12     -207      202       -5    409    12550    12550    -22    658
13     -206      203       -3    409    12554    12558    -15    658
14     -207      202       -5    409    12552    12555      5    658
15     -206      202       -4    408    12552    12546      0    658
16     -207      202       -5    409    12552    12547    -20    658
17     -206      202       -4    408    12550    12548    -20    658
18     -207      202       -5    409    12554    12552    -22    658
19     -206      202       -4    408    12554    12546    -39    658
20     -207      202       -5    409    12548    12544    -49    658
21     -206      202       -4    408    12552    12550    -69    658
22     -207      202       -5    409    12544    12547      2    657
23     -207      203       -4    410    12546    12564     63    657
24     -206      202       -4    408    12548    12548      8    658
25     -206      202       -4    408    12552    12555     15    658
26     -207      202       -5    409    12552    12552     18    658
27     -206      202       -4    408    12551    12551     40    658
28     -207      202       -5    409    12562    12543     -1    658
29     -206      201       -5    407    12554    12543    -55    658
30     -207      202       -5    409    12552    12549      2    657
31     -206      202       -4    408    12552    12553     -5    657
32     -207      202       -5    409    12552    12556    -18    657
33     -206      202       -4    408    12552    12552    -12    657
34     -206      201       -5    407    12550    12549     -8    657
35     -207      202       -5    409    12548    12552    -10    657
36     -206      202       -4    408    12552    12558      7    657
37     -206      202       -4    408    12546    12549     20    657
38     -207      202       -5    409    12548    12550     18    657
39     -206      202       -4    408    12548    12554     18    657
40     -207      202       -5    409    12554    12558     50    657
41     -206      202       -4    408    12550    12559     62    657
42     -207      202       -5    409    12550    12557     -2    658
43     -206      203       -3    409    12552    12544    -15    658
44     -207      202       -5    409    12551    12550    -22    658
45     -207      202       -5    409    12551    12546    -29    658
46     -206      202       -4    408    12552    12556    -33    658
47     -207      202       -5    409    12544    12556     -5    658
48     -207      202       -5    409    12552    12564     25    658
49     -207      203       -4    410    12548    12554     74    658
50     -206      203       -3    409    12548    12557     28    659
51     -207      202       -5    409    12544    12559     53    659
52     -207      203       -4    410    12550    12550      8    660
53     -207      202       -5    409    12554    12549     12    660
54     -207      203       -4    410    12552    12549     21    660
55     -207      202       -5    409    12554    12552     27    660
