80        0        5        5      7    13352    13327      4   1456  -2909
81       -1        6        5      5    13350    13328     -6   1456  -2911
82        1        4        5      4    13326    13364     -3   1457  -2913
83        0        5        5      4    13342    13337      3   1458  -2915
84        1        4        5      3    13365    13299    -22   1458  -2916
85        1        4        5      4    13332    13350     51   1458  -2918
86        1        4        5      3    13342    13324    -27   1459  -2919
87        0        4        4      3    13338    13348    -41   1459  -2920
88        1        4        5      3    13339    13342    -60   1459  -2921
89        2        3        5      2    13339    13334     -6   1458  -2922
90        1        4        5      2    13350    13320    -13   1457  -2923
91        1        3        4      2    13347    13317     -8   1457  -2924
92        2        3        5      2    13362    13302    -32   1456  -2925
93        2        4        6      2    13350    13324    -64   1456  -2926
94        1        3        4      1    13340    13336    -52   1456  -2926
95        2        3        5      2    13337    13334    -32   1456  -2927
96        1        4        5      2    13337    13348     18   1456  -2928
97        2        4        6      3    13349    13320     23   1456  -2929
98        1        3        4      1    13345    13324    -15   1457  -2929
99        2        3        5      3    13339    13341    -22   1457  -2930
 0        2        3        5      1    13339    13326    -10   1457  -2930
 1        1        4        5      1    13331    13346     52   1457  -2930
 2        1        3        4      2    13361    13310    -18   1457  -2931
 3        2        3        5      3    13345    13333      2   1457  -2932
 4        1        4        5      1    13344    13328    -29   1456  -2932
 5        2        4        6      3    13353    13334    -34   1455  -2933
 6        1        3        4      2    13325    13358     40   1455  -2934
 7        2        4        6      2    13347    13328     48   1455  -2935
 8        1        3        4      1    13328    13358     15   1456  -2935
 9        2        3        5      1    13342    13333     -5   1457  -2935
10        2        3        5      1    13334    13341     23   1457  -2935
11        2        4        6      3    13350    13337     13   1457  -2936
12        2        2        4     -1    13330    13351     23   1457  -2936
13        2        3        5      1    13348    13325    -12   1458  -2936
14        3        2        5     -1    13349    13336    -48   1458  -2936
15        2        2        4      0    13330    13349     14   1457  -2936
16        3        2        5      0    13350    13318    -26   1457  -2936
17        3        3        6     -1    13342    13331    -40   1456  -2936
18        3        2        5      1    13342    13331    -18   1455  -2936
19        2        3        5     -1    13327    13366     25   1453  -2936
20        3        2        5      0    13336    13345     -2   1454  -2936
21        2        3        5      0    13332    13357     51   1455  -2936
22        3        2        5     -1    13336    13359      3   1457  -2936
23        3        2        5      0    13348    13335    -37   1457  -2936
24        2        2        4      0    13340    13335      3   1456  -2936
25        3        3        6     -1    13371    13305     -9   1456  -2936
26        3        2        5     -1    13327    13344      7   1457  -2936
27        3        2        5      0    13350    13330      7   1457  -2936
28        2        3        5      0    13348    13337     14   1457  -2936
29        2        2        4      0    13338    13349    -37   1457  -2936
30        3        3        6      1    13344    13333    -53   1457  -2936
31        2        2        4     -1    13345    13331    -18   1456  -2936
32        3        3        6      0    13332    13347    -35   1456  -2936
33        2        2        4      0    13326    13363     71   1456  -2936
34        3        2        5      0    13345    13335      1   1457  -2936
35        2        3        5      0    13336    13348     42   1457  -2936
36        3        2        5      0    13355    13328    -63   1457  -2936
37        2        3        5      0    13344    13332    -70   1457  -2936
38        3        2        5      0    13338    13349     -5   1456  -2936
39        2        3        5      0    13354    13321      4   1454  -2936
40        3        2        5      0    13367    13308    -58   1455  -2936
41        2        3        5      0    13346    13334    -63   1455  -2936
42        3        2        5     -1    13342    13334    -38   1454  -2936
43        3        3        6      0    13332    13361    -32   1454  -2936
44        2        2        4      0    13358    13299     -8   1453  -2936
45        3        3        6      0    13340    13317    -25   1453  -2936
46        2        2        4      0    13348    13329     -6   1453  -2936
47        3        3        6      0    13336    13359     17   1454  -2936
48        2        2        4      1    13354    13330    -38   1455  -2936
49        3        3        6      0    13339    13339     24   1454  -2936
50        2        3        5      0    13346    13339     16   1454  -2936
51        3        2        5      1    13358    13324    -32   1454  -2936
52        2        3        5     -1    13342    13328    -10   1454  -2936
53        2        3        5      1    13357    13328    -33   1454  -2936
54        2        3        5      1    13340    13326     -6   1453  -2936
55        2        3        5      1    13354    13312     17   1453  -2936
56        3        3        6      1    13350    13320    -50   1453  -2936
57        2        3        5      1    13323    13365     63   1453  -2936
58        2        3        5      1    13335    13332     11   1455  -2936
59        2        2        4     -1    13338    13327    -29   1456  -2936
60        3        2        5     -1    13330    13352    -46   1456  -2936
61        3        2        5      1    13338    13351    -46   1456  -2936
62        2        3        5     -1    13360    13315    -12   1454  -2936
63        3        3        6      1    13351    13334    -33   1453  -2936
64        2        3        5      1    13340    13325    -22   1453  -2936
65        1        3        4      1    13351    13303    -64   1452  -2936
66        2        3        5      1    13338    13342      5   1451  -2936
67        2        3        5      1    13331    13351      1   1452  -2936
68        2        3        5      2    13336    13342     55   1452  -2937
69        2        3        5      1    13336    13340      0   1453  -2937
70        2        3        5      0    13328    13359     66   1454  -2937
71        2        3        5      1    13356    13315    -58   1455  -2937
72        2        2        4      1    13340    13327    -62   1454  -2937
73        2        3        5      1    13323    13355     52   1453  -2937
74        2        3        5      1    13353    13320     -6   1454  -2937
75        2        3        5      0    13342    13344     32   1454  -2937
76        3        3        6      1    13323    13361     72   1454  -2937
77        2        2        4      1    13336    13331     38   1455  -2937
78        2        3        5      0    13333    13355     63   1455  -2937
79        2        3        5      0    13340    13330    -18   1455  -2937
80        2        3        5      1    13350    13310    -29   1455  -2937
81        2        2        4      1    13346    13336    -41   1455  -2937
82        3        3        6      0    13328    13357    -32   1455  -2937
83        2        2        4      1    13349    13321      6   1454  -2937
84        2        3        5      0    13360    13292     -2   1453  -2937
85        3        3        6      0    13342    13328    -17   1454  -2937
86        2        3        5      0    13350    13317    -52   1454  -2937
87        3        3        6      1    13354    13309    -46   1454  -2937
88        2        3        5      1    13347    13344      7   1454  -2937
89        2        3        5      1    13359    13320    -71   1454  -2937
90        1        3        4      1    13353    13316    -58   1453  -2937
91        2        3        5      1    13364    13303    -24   1452  -2937
92        2        3        5      1    13346    13333    -20   1452  -2937
93        3        2        5      0    13337    13345    -16   1453  -2937
94        2        3        5      1    13360    13323      2   1451  -2937
95        3        4        7      1    13347    13330    -57   1451  -2937
96        2        2        4      0    13344    13337      3   1451  -2937
97        2        3        5      0    13336    13337    -25   1451  -2937
98        2        3        5      1    13342    13347     45   1451  -2937
99        2        3        5      2    13347    13331    -12   1452  -2938
 0        2        3        5      0    13332    13341    -15   1453  -2938
 1        2        2        4      1    13358    13325     30   1453  -2938
 2        2        3        5      0    13346    13337      1   1454  -2938
 3        3        3        6      1    13341    13331    -22   1454  -2938
 4        2        3        5      0    13344    13325    -24   1454  -2938
 5        2        3        5      1    13340    13342     10   1453  -2938
 6        3        2        5      0    13340    13348     52   1453  -2938
 7        2        3        5      0    13344    13345    -26   1454  -2938
 8        2        3        5      1    13342    13341     21   1453  -2938
 9        2        3        5      1    13346    13328    -63   1453  -2938
10        2        3        5      1    13338    13324     -5   1452  -2938
11        2        3        5      1    13336    13342    -46   1452  -2938
12        2        3        5      2    13329    13352     11   1451  -2939
13        1        3        4      1    13358    13324     12   1451  -2939
14        2        3        5      1    13335    13347     41   1451  -2939
15        2        3        5      2    13327    13353     51   1452  -2940
16        1        3        4      1    13341    13344     39   1453  -2940
17        2        3        5      1    13359    13306    -49   1454  -2940
18        1        3        4      3    13341    13340    -25   1453  -2941
19        2        4        6      2    13353    13326    -45   1451  -2942
20        1        3        4      1    13338    13316    -16   1451  -2942
21        2        3        5      3    13345    13332     24   1451  -2943
22        1        3        4      1    13348    13327     25   1451  -2943
23        2        3        5      1    13329    13335    -16   1452  -2943
24        2        4        6      1    13355    13312    -67   1452  -2943
25        2        3        5      1    13356    13314    -35   1451  -2943
26        2        2        4      1    13328    13351     22   1451  -2943
27        2        3        5      0    13362    13301    -33   1451  -2943
28        3        2        5     -1    13332    13342    -46   1451  -2943
29        3        2        5      1    13339    13321    -70   1451  -2943
30        2        3        5     -1    13328    13355      7   1449  -2943
31        3        2        5      0    13332    13339     25   1450  -2943
32        2        3        5      0    13350    13314     11   1451  -2943
33        2        2        4      1    13322    13351     27   1452  -2943
34        3        3        6     -1    13351    13309    -50   1453  -2943
35        2        2        4      1    13364    13313    -56   1452  -2943
36        3        3        6     -1    13349    13323    -67   1451  -2943
37        3        2        5      0    13346    13321    -60   1450  -2943
38        2        2        4      0    13328    13351      9   1450  -2943
39        3        3        6      0    13350    13325    -41   1450  -2943
40        2        3        5      0    13345    13341     39   1450  -2943
41        3        2        5      0    13330    13354     12   1451  -2943
42        2        2        4      0    13344    13344     -9   1451  -2943
43        3        3        6     -1    13332    13341     36   1451  -2943
44        2        2        4      0    13356    13325     18   1451  -2943
45        3        3        6      1    13339    13329     30   1451  -2943
46        2        2        4      0    13346    13314     19   1451  -2943
47        2        3        5      0    13338    13335     14   1451  -2943
48        2        2        4      0    13332    13344     -3   1452  -2943
49        3        3        6      1    13338    13327    -29   1452  -2943
50        2        2        4     -1    13344    13329      1   1452  -2943
51        2        3        5      1    13332    13355     22   1452  -2943
52        3        2        5     -1    13344    13333    -16   1452  -2943
53        3        3        6      1    13352    13331    -52   1451  -2943
54        2        3        5      0    13349    13315    -61   1451  -2943
55        2        2        4      1    13333    13347     20   1450  -2943
56        2        3        5      0    13342    13333     12   1451  -2943
57        2        3        5      1    13352    13318     18   1451  -2943
58        3        3        6      1    13348    13333     12   1451  -2943
59        2        3        5      1    13346    13323    -51   1451  -2943
60        2        2        4      0    13353    13294    -31   1450  -2943
61        2        3        5      0    13364    13314    -54   1449  -2943
62        3        2        5      0    13330    13352     64   1449  -2943
63        2        3        5      0    13346    13337      2   1450  -2943
64        3        3        6      0    13348    13321    -49   1451  -2943
65        3        3        6      1    13358    13306    -32   1450  -2943
66        2        3        5      0    13360    13321    -50   1450  -2943
67        2        2        4      1    13354    13323    -45   1450  -2943
68        3        3        6     -1    13358    13326    -35   1449  -2943
69        2        3        5      1    13358    13307    -14   1447  -2943
70        3        2        5     -1    13338    13345     36   1447  -2943
71        2        3        5      1    13356    13327    -59   1448  -2943
72        3        2        5      0    13335    13337    -43   1448  -2943
73        2        3        5      0    13330    13344     72   1448  -2943
74        2        2        4      0    13320    13362     28   1450  -2943
75        3        3        6      0    13349    13318    -34   1451  -2943
76        2        3        5      1    13360    13307    -35   1451  -2943
77        3        2        5      0    13330    13350     10   1451  -2943
78        2        2        4      0    13367    13292    -26   1451  -2943
79        3        3        6      0    13341    13337     31   1450  -2943
80        2        2        4     -1    13380    13295    -22   1450  -2943
81        3        2        5     -1    13348    13307    -51   1450  -2943
82        3        2        5     -1    13351    13324     37   1449  -2943
83        3        2        5     -1    13343    13338      6   1449  -2943
84        3        2        5      0    13337    13348     30   1450  -2943
85        3        2        5     -1    13327    13355     71   1450  -2943
