72       -1       -3       -4     -2    12561    12547    -37    659  -1341
73       -1       -4       -5     -3    12558    12559      3    658  -1340
74       -1       -3       -4     -2    12558    12557    -19    658  -1339
75       -1       -3       -4     -2    12559    12565    -14    658  -1338
76       -1       -3       -4     -2    12557    12559      9    658  -1337
77       -1       -4       -5     -3    12555    12556     22    658  -1336
78       -1       -3       -4     -2    12551    12561     37    658  -1335
79       -1       -3       -4     -2    12555    12557     58    658  -1334
80       -1       -3       -4     -2    12547    12557      8    659  -1333
81       -2       -2       -4      0    12553    12559     15    659  -1333
82       -1       -3       -4     -2    12567    12551     -5    659  -1332
83       -1       -3       -4     -2    12555    12551    -23    659  -1331
84       -2       -3       -5     -1    12551    12555    -22    659  -1331
85       -1       -2       -3     -1    12556    12551    -47    659  -1331
86       -2       -3       -5     -1    12556    12549    -56    659  -1331
87       -1       -3       -4     -2    12554    12553      3    658  -1330
88       -2       -3       -5     -1    12558    12549    -21    658  -1330
89       -1       -2       -3     -1    12560    12556    -29    658  -1330
90       -2       -3       -5     -1    12555    12550    -10    658  -1330
91       -1       -2       -3     -1    12553    12556      4    658  -1330
92       -2       -3       -5     -1    12558    12550      9    658  -1330
93       -2       -2       -4      0    12552    12559     26    658  -1330
94       -2       -3       -5     -1    12557    12555     29    658  -1330
95       -1       -2       -3     -1    12555    12549     14    658  -1330
96       -2       -3       -5     -1    12556    12541    -27    658  -1330
97       -2       -2       -4      0    12555    12544    -11    657  -1330
98       -2       -2       -4      0    12557    12547    -60    657  -1330
99       -2       -2       -4      0    12557    12550    -10    656  -1330
 0       -2       -2       -4      0    12552    12554    -11    656  -1330
 1       -2       -2       -4      0    12556    12550    -23    656  -1330
 2       -2       -2       -4      0    12559    12544    -55    656  -1330
 3       -2       -3       -5     -1    12545    12556    -59    656  -1330
 4       -2       -2       -4      0    12554    12550    -57    656  -1330
 5       -1       -2       -3     -1    12551    12548    -61    656  -1330
 6       -2       -3       -5     -1    12555    12553    -66    656  -1330
 7       -1       -3       -4     -2    12551    12551      4    655  -1329
 8       -2       -2       -4      0    12554    12549     12    655  -1329
 9       -1       -3       -4     -2    12553    12550     32    655  -1328
10       -2       -2       -4      0    12550    12559     61    655  -1328
11       -2       -3       -5     -1    12552    12559     58    655  -1328
12       -2       -2       -4      0    12548    12557     76    655  -1328
13       -1       -3       -4     -2    12557    12553     -2    656  -1327
14       -2       -2       -4      0    12554    12549     -9    656  -1327
15       -2       -3       -5     -1    12550    12553      1    656  -1327
16       -2       -2       -4      0    12552    12555     14    656  -1327
17       -1       -2       -3     -1    12550    12562     46    656  -1327
18       -2       -3       -5     -1    12556    12564     15    657  -1327
19       -2       -2       -4      0    12554    12558     55    657  -1327
20       -2       -2       -4      0    12558    12558     69    657  -1327
21       -1       -3       -4     -2    12555    12554    -10    658  -1326
22       -2       -2       -4      0    12556    12567     13    658  -1326
23       -2       -2       -4      0    12554    12558     13    658  -1326
24       -2       -3       -5     -1    12557    12560     13    658  -1326
25       -2       -2       -4      0    12550    12556     37    658  -1326
26       -1       -2       -3     -1    12552    12556     49    658  -1326
27       -2       -3       -5     -1    12558    12552     39    658  -1326
28       -2       -2       -4      0    12560    12548     -7    658  -1326
29       -1       -2       -3     -1    12560    12549    -34    658  -1326
30       -2       -3       -5     -1    12558    12555    -56    658  -1326
31       -2       -2       -4      0    12554    12544    -12    657  -1326
32       -2       -2       -4      0    12558    12536    -46    657  -1326
33       -2       -3       -5     -1    12554    12546    -69    657  -1326
34       -2       -2       -4      0    12560    12554     -2    656  -1326
35       -2       -2       -4      0    12550    12552      1    656  -1326
36       -2       -3       -5     -1    12550    12553     -1    656  -1326
37       -2       -2       -4      0    12552    12546    -23    656  -1326
38       -2       -2       -4      0    12552    12550    -32    656  -1326
39       -2       -2       -4      0    12556    12555    -45    656  -1326
40       -2       -2       -4      0    12550    12564     -1    656  -1326
41       -2       -2       -4      0    12548    12562     31    656  -1326
42       -1       -3       -4     -2    12562    12552     23    656  -1325
43       -2       -2       -4      0    12555    12562     58    656  -1325
44       -2       -2       -4      0    12552    12550    -13    657  -1325
45       -1       -3       -4     -2    12556    12547    -35    657  -1324
46       -2       -3       -5     -1    12553    12549    -49    657  -1324
47       -2       -2       -4      0    12558    12548    -61    657  -1324
48       -1       -2       -3     -1    12549    12549    -58    657  -1324
49       -2       -3       -5     -1    12552    12558    -57    657  -1324
50       -2       -2       -4      0    12553    12562    -24    657  -1324
51       -1       -3       -4     -2    12547    12558     24    657  -1323
52       -2       -3       -5     -1    12549    12553     35    657  -1323
53       -1       -2       -3     -1    12553    12557     45    657  -1323
54       -2       -3       -5     -1    12546    12553     60    657  -1323
55       -2       -2       -4      0    12556    12557     74    657  -1323
56       -2       -2       -4      0    12556    12557     62    657  -1323
57       -1       -2       -3     -1    12551    12553      4    658  -1323
58       -2       -2       -4      0    12552    12548     -2    658  -1323
59       -2       -3       -5     -1    12558    12548    -34    658  -1323
60       -2       -2       -4      0    12557    12552    -55    658  -1323
61       -2       -3       -5     -1    12562    12549    -67    658  -1323
62       -2       -2       -4      0    12553    12549    -15    657  -1323
63       -2       -2       -4      0    12556    12562    -10    657  -1323
64       -2       -3       -5     -1    12558    12553    -31    657  -1323
65       -2       -2       -4      0    12557    12565    -17    657  -1323
66       -2       -2       -4      0    12545    12564     57    657  -1323
67       -2       -2       -4      0    12555    12560     35    658  -1323
68       -2       -2       -4      0    12550    12551     55    658  -1323
69       -2       -2       -4      0    12550    12549     61    658  -1323
70       -2       -2       -4      0    12554    12548     43    658  -1323
71       -2       -3       -5     -1    12552    12551     58    658  -1323
72       -2       -2       -4      0    12548    12549     41    658  -1323
73       -2       -2       -4      0    12561    12547     14    658  -1323
74       -2       -2       -4      0    12551    12557     17    658  -1323
75       -2       -2       -4      0    12560    12560     36    658  -1323
76       -3       -3       -6      0    12554    12556     54    658  -1323
77       -2       -2       -4      0    12553    12565     71    658  -1323
78       -2       -2       -4      0    12554    12557      2    659  -1323
79       -2       -2       -4      0    12551    12560     32    659  -1323
80       -2       -2       -4      0    12552    12565     -2    660  -1323
81       -2       -2       -4      0    12557    12559     20    660  -1323
82       -2       -2       -4      0    12565    12546     14    660  -1323
83       -2       -2       -4      0    12556    12550    -16    660  -1323
84       -2       -2       -4      0    12559    12552    -22    660  -1323
85       -2       -2       -4      0    12559    12550    -43    660  -1323
86       -2       -2       -4      0    12556    12558    -51    660  -1323
87       -2       -2       -4      0    12553    12559    -38    660  -1323
88       -2       -2       -4      0    12554    12555    -43    660  -1323
89       -2       -3       -5     -1    12550    12545    -76    660  -1323
90       -2       -2       -4      0    12555    12553    -25    659  -1323
91       -2       -2       -4      0    12553    12547    -54    659  -1323
92       -2       -2       -4      0    12553    12544    -11    658  -1323
93       -2       -2       -4      0    12551    12556      5    658  -1323
94       -2       -2       -4      0    12552    12558     39    658  -1323
95       -2       -2       -4      0    12552    12556     59    658  -1323
96       -2       -2       -4      0    12552    12552     -3    659  -1323
97       -2       -2       -4      0    12546    12552     10    659  -1323
98       -2       -2       -4      0    12556    12550     -8    659  -1323
99       -3       -2       -5      1    12552    12554     -1    659  -1323
 0       -2       -2       -4      0    12558    12554      2    659  -1323
 1       -2       -2       -4      0    12550    12556     11    659  -1323
 2       -3       -2       -5      1    12554    12548      8    659  -1323
 3       -2       -2       -4      0    12561    12552     -3    659  -1323
 4       -2       -2       -4      0    12556    12556      0    659  -1323
 5       -3       -2       -5      1    12556    12560      6    659  -1323
 6       -2       -2       -4      0    12560    12550    -18    659  -1323
 7       -2       -2       -4      0    12558    12552    -41    659  -1323
 8       -3       -2       -5      1    12552    12562    -56    659  -1323
 9       -2       -1       -3      1    12566    12552      1    658  -1323
10       -2       -2       -4      0    12554    12556    -13    658  -1323
11       -2       -2       -4      0    12556    12550    -36    658  -1323
12       -3       -2       -5      1    12556    12548    -61    658  -1323
13       -2       -2       -4      0    12550    12556    -71    658  -1323
14       -2       -2       -4      0    12556    12556    -67    658  -1323
15       -3       -1       -4      2    12554    12552    -67    658  -1324
16       -2       -2       -4      0    12554    12548     -2    657  -1324
17       -2       -2       -4      0    12548    12554     15    657  -1324
18       -2       -3       -5     -1    12555    12559      7    657  -1324
19       -2       -2       -4      0    12557    12549     12    657  -1324
20       -2       -2       -4      0    12556    12556     26    657  -1324
21       -2       -1       -3      1    12558    12548      8    657  -1324
22       -3       -2       -5      1    12560    12554     -6    657  -1324
23       -2       -2       -4      0    12556    12554    -11    657  -1324
24       -3       -2       -5      1    12556    12554    -14    657  -1324
25       -2       -2       -4      0    12560    12552    -50    657  -1324
26       -3       -1       -4      2    12554    12552    -57    657  -1325
27       -2       -3       -5     -1    12560    12557    -73    657  -1325
28       -2       -2       -4      0    12554    12557    -46    657  -1325
29       -2       -2       -4      0    12556    12558    -45    657  -1325
30       -3       -2       -5      1    12549    12560    -22    657  -1325
31       -2       -2       -4      0    12548    12558     14    657  -1325
32       -2       -2       -4      0    12565    12552     14    657  -1325
33       -2       -2       -4      0    12557    12560     33    657  -1325
34       -3       -2       -5      1    12552    12563     74    657  -1325
35       -2       -1       -3      1    12552    12562     17    658  -1325
36       -2       -2       -4      0    12552    12558     26    658  -1325
37       -2       -2       -4      0    12547    12567     74    658  -1325
38       -3       -2       -5      1    12554    12555      6    659  -1325
