68      -46       51        5     97    13376    13365    -14   2872
69      -46       51        5     97    13356    13341     11   2871
70      -46       50        4     96    13357    13360      3   2870
71      -45       51        6     97    13333    13406      1   2872
72      -46       50        4     96    13331    13400     41   2872
73      -46       51        5     96    13372    13342     -3   2871
74      -46       50        4     96    13355    13368     15   2871
75      -45       51        6     97    13334    13405     71   2872
76      -46       50        4     95    13335    13401     62   2872
77      -46       51        5     97    13350    13373     25   2873
78      -46       50        4     96    13338    13390     26   2872
79      -45       50        5     95    13368    13359    -14   2873
80      -46       51        5     97    13338    13386     38   2873
81      -46       51        5     97    13386    13322    -39   2873
82      -46       50        4     96    13358    13365    -20   2873
83      -46       51        5     97    13359    13344    -15   2873
84      -46       51        5     96    13377    13335    -44   2874
85      -46       51        5     96    13346    13383    -14   2872
86      -46       51        5     97    13322    13402      9   2873
87      -46       51        5     98    13333    13402      1   2874
88      -46       50        4     97    13349    13387     17   2873
89      -46       51        5     96    13353    13379      3   2873
90      -46       51        5     97    13348    13375     19   2872
91      -46       51        5     97    13366    13346    -27   2872
92      -46       50        4     97    13361    13369     15   2872
93      -46       51        5     97    13361    13336    -10   2872
94      -46       51        5     97    13358    13355     63   2871
95      -45       51        6     97    13374    13352    -28   2873
96      -47       51        4     97    13342    13388     10   2873
97      -46       50        4     97    13337    13411     15   2872
98      -46       51        5     96    13337    13413     56   2872
99      -46       51        5     97    13351    13362      8   2874
 0      -46       51        5     97    13336    13420      0   2875
 1      -46       51        5     97    13372    13348     25   2873
 2      -46       51        5     97    13370    13363    -32   2873
 3      -46       51        5     97    13370    13363     20   2873
 4      -46       51        5     97    13352    13395     45   2871
 5      -46       51        5     97    13375    13343    -49   2872
 6      -46       51        5     97    13329    13408     62   2872
 7      -47       51        4     97    13334    13378     29   2872
 8      -46       51        5     98    13355    13383     44   2874
 9      -46       51        5     97    13370    13357    -48   2874
10      -47       52        5     98    13362    13344    -16   2873
11      -46       51        5     98    13337    13390    -18   2872
12      -47       51        4     97    13342    13393    -29   2873
13      -46       51        5     98    13374    13326    -44   2872
14      -46       52        6     97    13354    13377      4   2871
15      -46       51        5     98    13356    13365     30   2871
16      -46       51        5     98    13335    13393     16   2872
17      -47       51        4     97    13342    13392     43   2873
18      -46       51        5     97    13343    13386    -16   2875
19      -46       50        4     97    13366    13373      7   2873
20      -46       51        5     97    13342    13387     64   2872
21      -46       52        6     97    13353    13355     13   2872
22      -46       50        4     97    13370    13345     -2   2872
23      -46       52        6     97    13368    13337    -28   2871
24      -46       51        5     97    13360    13352      6   2872
25      -46       51        5     97    13337    13401     39   2872
26      -47       51        4     98    13349    13378     74   2872
27      -46       51        5     97    13361    13358      7   2872
28      -46       51        5     97    13371    13348     16   2872
29      -47       51        4     97    13342    13389     68   2872
30      -46       52        6     97    13351    13394     43   2872
31      -46       51        5     97    13373    13344     27   2873
32      -46       50        4     98    13354    13383    -24   2873
33      -46       51        5     97    13388    13318    -75   2872
34      -45       51        6     97    13330    13413     49   2872
35      -46       51        5     97    13360    13381    -28   2873
36      -46       51        5     97    13339    13378     -7   2874
37      -46       51        5     97    13339    13391     27   2876
38      -46       51        5     97    13356    13362     29   2877
39      -47       50        3     97    13329    13388     53   2878
40      -46       51        5     96    13352    13374     -4   2878
41      -46       51        5     97    13352    13375     76   2877
42      -46       51        5     97    13356    13364     50   2877
43      -46       51        5     97    13407    13318    -17   2875
44      -46       51        5     97    13344    13386     -8   2874
45      -46       51        5     97    13360    13374     25   2874
46      -46       51        5     97    13355    13366    -21   2875
47      -46       51        5     97    13355    13376      5   2874
48      -46       51        5     97    13348    13379     44   2873
49      -46       50        4     96    13347    13377     45   2873
50      -46       51        5     97    13356    13380     42   2873
51      -45       51        6     97    13371    13349     -5   2873
52      -46       50        4     96    13335    13393     20   2873
53      -46       51        5     96    13359    13336    -23   2874
54      -45       51        6     97    13351    13358    -32   2872
55      -46       51        5     97    13344    13388     61   2872
56      -46       50        4     95    13338    13392     52   2872
57      -46       51        5     97    13356    13361     52   2872
58      -46       51        5     97    13348    13380      8   2873
59      -46       51        5     97    13337    13394     33   2872
60      -46       51        5     95    13360    13351    -20   2872
61      -46       50        4     97    13367    13334    -35   2872
62      -45       51        6     97    13342    13381     49   2871
63      -46       51        5     97    13364    13339    -51   2871
64      -46       50        4     96    13352    13391      8   2871
65      -45       51        6     97    13369    13363     68   2871
66      -46       50        4     96    13370    13353     34   2872
67      -45       51        6     96    13378    13340    -30   2871
68      -46       50        4     96    13350    13385     34   2869
69      -46       51        5     96    13337    13409      3   2870
70      -46       50        4     96    13324    13401     23   2870
71      -46       51        5     97    13317    13423     26   2872
72      -46       51        5     96    13350    13365     41   2872
73      -46       51        5     98    13330    13411     12   2872
74      -46       52        6     97    13367    13368     -1   2874
75      -46       51        5     97    13362    13351    -49   2874
76      -46       50        4     97    13331    13416     46   2874
77      -46       51        5     97    13349    13392      2   2874
78      -45       51        6     97    13342    13384      7   2874
79      -47       51        4     97    13342    13381     67   2874
80      -45       51        6     97    13368    13375    -25   2875
81      -46       50        4     97    13349    13371     26   2873
82      -46       51        5     96    13384    13333    -10   2872
83      -46       51        5     96    13354    13367     26   2871
84      -46       51        5     97    13357    13342      0   2872
85      -46       52        6     97    13363    13355     31   2873
86      -47       51        4     97    13340    13387      7   2874
87      -45       51        6     98    13373    13365     19   2874
88      -47       51        4     97    13352    13384     45   2873
89      -45       51        6     97    13336    13394     33   2873
90      -46       51        5     98    13326    13413      9   2874
91      -46       50        4     96    13360    13350     31   2873
92      -46       51        5     96    13343    13404     -4   2874
93      -45       51        6     97    13374    13319    -55   2875
94      -46       50        4     95    13338    13412     73   2875
95      -46       51        5     97    13352    13379     32   2876
96      -46       51        5     97    13355    13370    -16   2875
97      -46       51        5     97    13355    13359     24   2874
98      -47       51        4     96    13357    13373     43   2875
99      -46       51        5     97    13330    13409      6   2877
 0      -45       50        5     97    13343    13413     14   2878
 1      -46       51        5     97    13340    13407     19   2878
 2      -46       50        4     96    13346    13397      5   2877
 3      -46       51        5     97    13374    13335    -27   2875
 4      -46       50        4     97    13331    13413      9   2875
 5      -46       51        5     97    13360    13354     19   2875
 6      -46       51        5     96    13358    13397    -20   2875
 7      -46       51        5     97    13358    13376     59   2875
 8      -46       52        6     98    13360    13344    -59   2876
 9      -47       52        5     97    13381    13332    -17   2874
10      -46       51        5     98    13348    13402     -1   2874
11      -46       51        5     98    13357    13378     56   2874
12      -46       51        5     97    13352    13386     34   2875
13      -46       51        5     98    13373    13338    -41   2874
14      -46       51        5     97    13369    13363    -37   2873
15      -46       51        5     97    13355    13379    -20   2874
16      -46       51        5     97    13356    13371     77   2874
17      -47       51        4     97    13347    13395     15   2874
18      -46       51        5     96    13325    13403     56   2874
19      -47       51        4     98    13350    13363     10   2875
20      -46       51        5     98    13337    13402     46   2874
21      -46       51        5     97    13333    13423     32   2876
22      -47       52        5     99    13341    13387      3   2875
23      -46       51        5     97    13382    13322    -67   2875
24      -46       51        5     98    13337    13400    -30   2874
25      -46       51        5     97    13343    13355     19   2874
26      -46       52        6     97    13378    13340     -7   2873
27      -47       51        4     98    13325    13421     56   2873
28      -46       51        5     97    13367    13350     21   2874
29      -47       51        4     97    13352    13379     14   2874
30      -46       52        6     98    13344    13382     38   2874
31      -46       51        5     98    13316    13409     71   2875
32      -46       51        5     98    13359    13392     52   2876
33      -46       51        5     97    13375    13323    -33   2878
34      -46       51        5     97    13380    13350    -48   2877
35      -46       51        5     96    13355    13386     15   2875
36      -46       51        5     97    13345    13401      8   2876
