54        4        0        4     -4    13355    13382      7   2887  -1372
55        4       -1        3     -4    13367    13346    -22   2888  -1370
56        3        0        3     -4    13333    13383     33   2888  -1368
57        3        0        3     -2    13369    13361    -42   2889  -1367
58        3        0        3     -3    13343    13386     45   2888  -1366
59        3        1        4     -3    13379    13331    -37   2889  -1365
60        4        0        4     -2    13391    13320    -70   2889  -1364
61        3        1        4     -3    13378    13340     -9   2888  -1363
62        3        0        3     -2    13369    13352     26   2888  -1362
63        2        1        3     -2    13333    13396     59   2889  -1361
64        3        1        4     -3    13380    13355     21   2890  -1360
65        3        1        4     -1    13383    13331    -74   2890  -1360
66        3        0        3     -3    13393    13314     -7   2888  -1359
67        3        0        3     -2    13379    13331    -22   2888  -1358
68        3        0        3     -3    13363    13364     -4   2887  -1357
69        3        1        4     -3    13381    13351    -17   2886  -1356
70        3        0        3     -4    13389    13346     -6   2886  -1354
71        3        1        4     -2    13357    13363    -18   2886  -1353
72        3        0        3     -2    13388    13338    -62   2887  -1352
73        3        1        4     -3    13385    13335     -5   2886  -1351
74        3        0        3     -3    13361    13367     13   2886  -1350
75        3        0        3     -2    13353    13370     34   2886  -1349
76        3        1        4     -3    13376    13337     -1   2886  -1348
77        3        0        3     -2    13361    13369     51   2886  -1347
78        2        1        3     -2    13353    13353    -13   2886  -1346
79        3        1        4     -2    13374    13361     16   2886  -1345
80        2        0        2     -1    13358    13379     29   2886  -1345
81        3        2        5     -2    13394    13327    -76   2886  -1344
82        2        1        3     -1    13336    13404     16   2885  -1344
83        2        1        3     -1    13358    13373     -8   2885  -1344
84        2        2        4      0    13388    13327     14   2885  -1344
85        2        1        3     -1    13327    13405     44   2885  -1344
86        2        2        4      0    13356    13370    -35   2886  -1344
87        2        2        4      0    13366    13365     23   2886  -1344
88        2        1        3     -1    13372    13360    -16   2886  -1344
89        2        2        4      1    13366    13367    -28   2886  -1344
90        1        1        2      0    13368    13359     39   2886  -1344
91        2        2        4     -1    13363    13374     21   2887  -1344
92        2        2        4      0    13369    13345    -29   2888  -1344
93        2        1        3     -1    13372    13334     -2   2887  -1344
94        2        2        4      0    13360    13372      5   2887  -1344
95        2        1        3     -1    13342    13404     -7   2887  -1344
96        2        2        4      0    13377    13366      6   2887  -1344
97        2        2        4      1    13329    13400     73   2886  -1344
98        1        1        2     -1    13377    13342     -5   2886  -1344
99        2        2        4      0    13357    13390     40   2886  -1344
 0        2        1        3      1    13349    13396     68   2887  -1344
 1        1        3        4      0    13357    13351     31   2886  -1344
 2        1        2        3      1    13349    13383      5   2888  -1344
 3        2        2        4      0    13392    13334    -24   2888  -1344
 4        1        2        3      1    13359    13378      5   2886  -1344
 5        2        2        4      0    13378    13350    -51   2887  -1344
 6        2        2        4      0    13356    13373     -4   2886  -1344
 7        2        2        4      0    13362    13368    -33   2888  -1344
 8        2        1        3      1    13386    13317    -44   2887  -1344
 9        1        2        3      0    13394    13319    -45   2886  -1344
10        2        2        4     -1    13339    13384     34   2885  -1344
11        2        2        4      0    13352    13392     25   2887  -1344
12        2        2        4      0    13359    13368    -21   2888  -1344
13        2        1        3      0    13373    13356    -64   2888  -1344
14        2        2        4     -1    13346    13388      9   2887  -1344
15        2        2        4      0    13384    13347      9   2887  -1344
16        1        2        3      1    13361    13349     -7   2887  -1344
17        2        2        4      0    13368    13362     -7   2888  -1344
18        2        1        3      1    13336    13395     -2   2889  -1344
19        1        2        3     -1    13339    13380     75   2889  -1344
20        2        2        4      1    13349    13374     37   2889  -1344
21        1        1        2      0    13358    13370     18   2887  -1344
22        2        2        4      0    13360    13368     -3   2888  -1344
23        1        2        3      0    13389    13336    -56   2888  -1344
24        2        2        4      1    13359    13342    -17   2888  -1344
25        1        2        3      0    13365    13365     -1   2888  -1344
26        2        1        3      1    13365    13355      6   2888  -1344
27        1        2        3      0    13376    13336    -41   2888  -1344
28        2        2        4     -1    13380    13340     -2   2888  -1344
29        2        1        3      0    13354    13379     17   2888  -1344
30        2        2        4      0    13369    13366     -5   2888  -1344
31        1        2        3      0    13366    13359    -24   2888  -1344
32        2        1        3      0    13373    13337      4   2888  -1344
33        1        2        3      0    13365    13363     58   2889  -1344
34        2        2        4      1    13369    13362     -4   2891  -1344
35        2        3        5      0    13388    13324    -66   2890  -1344
36        1        2        3      1    13354    13364     23   2889  -1344
37        1        2        3      1    13389    13330    -32   2889  -1344
38        2        1        3      0    13377    13346     -1   2889  -1344
39        2        2        4      0    13356    13366     39   2890  -1344
40        1        2        3      0    13370    13362    -13   2890  -1344
41        2        2        4      0    13368    13380    -18   2889  -1344
42        2        1        3     -1    13370    13352      3   2888  -1344
43        2        2        4      0    13356    13378      1   2889  -1344
44        2        1        3     -1    13366    13356      2   2888  -1344
45        2        2        4      0    13364    13357     11   2888  -1344
46        1        1        2      1    13345    13382     45   2888  -1344
47        2        2        4     -1    13376    13332    -17   2889  -1344
48        1        1        2      1    13367    13352    -41   2888  -1344
49        2        2        4     -1    13379    13357    -10   2888  -1344
50        2        1        3      0    13348    13392     22   2888  -1344
51        2        2        4     -1    13371    13375    -26   2888  -1344
52        2        2        4      0    13381    13342      9   2887  -1344
53        2        2        4      1    13363    13380     24   2888  -1344
54        2        2        4      0    13368    13390     29   2889  -1344
55        2        1        3      0    13360    13378      0   2889  -1344
56        1        2        3     -1    13372    13359    -33   2890  -1344
57        2        1        3      0    13383    13344    -24   2889  -1344
58        2        2        4     -1    13341    13397     28   2889  -1344
59        2        2        4      0    13344    13406     70   2889  -1344
60        2        1        3      0    13365    13338     -5   2889  -1344
61        1        2        3      0    13377    13358    -76   2889  -1344
62        2        2        4      0    13378    13339     35   2887  -1344
63        2        1        3     -1    13360    13341    -30   2888  -1344
64        2        2        4      0    13350    13378     73   2887  -1344
65        2        1        3     -1    13356    13379     17   2887  -1344
66        2        1        3      0    13372    13355    -37   2888  -1344
67        2        2        4     -1    13353    13386      2   2887  -1344
68        2        1        3     -1    13346    13393     55   2887  -1344
69        2        1        3     -1    13350    13365     24   2887  -1344
70        2        1        3      0    13366    13351     -1   2888  -1344
71        2        2        4     -1    13351    13374    -27   2889  -1344
72        2        2        4      0    13348    13400     57   2889  -1344
73        2        1        3     -1    13342    13386     15   2891  -1344
74        2        2        4      0    13369    13328    -11   2891  -1344
75        2        1        3      0    13386    13328      3   2890  -1344
76        2        2        4     -1    13356    13362     10   2889  -1344
77        2        1        3      0    13366    13342     -5   2888  -1344
78        2        2        4      0    13366    13346    -11   2887  -1344
79        2        2        4      0    13362    13355     33   2887  -1344
80        2        1        3      0    13372    13348    -10   2888  -1344
81        2        2        4     -1    13354    13391     15   2888  -1344
82        1        2        3      0    13344    13398     34   2888  -1344
83        2        1        3     -1    13353    13369     44   2887  -1344
84        2        1        3     -1    13404    13309    -18   2887  -1344
85        2        2        4      0    13358    13371     11   2889  -1344
86        2        1        3      0    13379    13354    -41   2889  -1344
87        1        2        3      0    13376    13350    -35   2889  -1344
88        2        1        3     -1    13388    13328     -5   2888  -1344
89        1        2        3      1    13358    13358    -51   2888  -1344
90        2        2        4      0    13374    13372    -38   2887  -1344
91        2        1        3      1    13343    13383     40   2887  -1344
92        1        2        3     -1    13373    13357    -45   2888  -1344
93        2        2        4      1    13355    13368     26   2888  -1344
94        1        2        3      0    13368    13352     53   2888  -1344
95        2        1        3      1    13403    13302    -10   2887  -1344
96        1        2        3     -1    13352    13380     18   2887  -1344
97        2        2        4      0    13382    13350    -58   2888  -1344
98        1        2        3      1    13381    13321    -25   2887  -1344
99        2        1        3      1    13390    13325    -28   2887  -1344
 0        1        2        3     -1    13402    13324    -10   2885  -1344
 1        2        2        4      1    13363    13376     65   2885  -1344
 2        1        2        3      0    13343    13404     24   2886  -1344
 3        2        2        4      1    13382    13342     12   2886  -1344
 4        1        1        2      0    13372    13356      2   2885  -1344
 5        2        2        4     -1    13347    13367    -21   2886  -1344
 6        2        2        4      0    13362    13366    -17   2887  -1344
 7        2        1        3      0    13385    13349     11   2887  -1344
 8        1        2        3      0    13376    13338    -25   2887  -1344
 9        2        1        3     -1    13351    13367    -11   2887  -1344
10        2        2        4      0    13370    13350     11   2887  -1344
11        2        1        3      0    13359    13365    -32   2888  -1344
12        2        2        4     -1    13358    13367     47   2888  -1344
13        2        1        3      0    13352    13377     32   2888  -1344
14        2        2        4      0    13350    13376     11   2888  -1344
15        2        1        3     -1    13368    13346    -32   2889  -1344
16        2        1        3     -2    13358    13375     43   2889  -1343
17        2        2        4      0    13384    13333    -74   2890  -1343
18        2        1        3     -1    13364    13363    -27   2889  -1343
19        3        1        4     -1    13356    13391     -9   2889  -1343
20        2        2        4      0    13359    13361     41   2889  -1343
21        2        1        3      0    13370    13332    -42   2890  -1343
22        1        2        3     -1    13368    13354    -26   2890  -1343
23        2        2        4      0    13367    13343     -1   2890  -1343
24        2        2        4      1    13394    13321    -37   2890  -1343
25        1        1        2     -1    13373    13371    -31   2889  -1343
26        2        2        4      0    13366    13359    -22   2889  -1343
27        2        1        3     -1    13368    13377      1   2889  -1343
28        2        2        4      0    13396    13322    -24   2888  -1343
29        2        1        3     -1    13358    13368     -9   2888  -1343
30        2        2        4      0    13372    13342     -6   2888  -1343
31        2        1        3     -1    13356    13378     58   2888  -1343
32        2        1        3     -1    13369    13366     19   2888  -1343
33        2        2        4      0    13354    13371     72   2888  -1343
34        2        1        3     -1    13374    13351     -1   2889  -1343
35        2        1        3     -1    13368    13351     -3   2889  -1343
36        2        1        3      0    13370    13356    -34   2889  -1343
37        2        1        3     -1    13340    13361     13   2889  -1343
38        2        2        4     -1    13375    13337    -26   2889  -1343
39        2        1        3      0    13383    13345    -72   2888  -1343
40        2        2        4     -1    13398    13326    -71   2886  -1343
41        2        1        3      0    13360    13365     15   2885  -1343
42        2        2        4     -1    13348    13391     30   2885  -1343
43        2        2        4      0    13353    13384     35   2886  -1343
44        2        1        3     -1    13357    13373      4   2888  -1343
45        2        2        4      0    13367    13338    -10   2888  -1343
46        2        1        3      0    13356    13354     22   2889  -1343
47        2        2        4     -1    13364    13345    -31   2888  -1343
48        2        1        3     -1    13390    13347    -26   2888  -1343
49        2        1        3     -1    13338    13408      1   2888  -1343
50        2        2        4      0    13358    13348      1   2889  -1343
51        2        1        3      0    13368    13374    -27   2888  -1343
52        2        2        4     -1    13360    13378    -20   2889  -1343
53        2        2        4      0    13348    13378    -46   2889  -1343
54        3        1        4      0    13354    13376      2   2889  -1343
55        2        2        4     -1    13392    13330     -6   2890  -1343
56        2        2        4     -1    13393    13329    -21   2889  -1343
57        2        1        3      0    13376    13365    -11   2888  -1343
58        2        1        3     -1    13352    13375    -17   2888  -1343
59        2        2        4     -1    13368    13372    -47   2889  -1343
60        2        1        3     -1    13378    13355    -32   2888  -1343
61        2        1        3      0    13365    13359    -56   2888  -1343
62        2        2        4     -1    13346    13387    -27   2889  -1343
63        2        1        3     -1    13369    13342    -20   2888  -1343
64        2        2        4      0    13360    13368    -18   2889  -1343
65        2        1        3     -1    13348    13405     65   2888  -1343
66        2        1        3     -1    13358    13371    -16   2889  -1343
67        2        2        4      0    13379    13337    -28   2890  -1343
68        2        1        3      0    13374    13352    -36   2889  -1343
69        2        2        4     -1    13351    13366     11   2888  -1343
70        2        1        3      0    13372    13362    -46   2888  -1343
71        2        2        4     -1    13368    13357    -37   2888  -1343
72        2        2        4      0    13362    13366    -54   2887  -1343
73        2        1        3     -1    13360    13355    -55   2887  -1343
74        3        1        4     -2    13397    13342    -31   2887  -1342
75        2        1        3      0    13362    13377     24   2888  -1342
76        2        2        4     -1    13346    13375     -9   2889  -1342
77        2        1        3      0    13356    13358     -5   2890  -1342
78        3        2        5     -1    13402    13324    -24   2890  -1342
79        1        1        2      0    13370    13362    -21   2890  -1342
80        3        2        5     -1    13372    13335     -4   2890  -1342
81        2        1        3     -1    13376    13351     -8   2890  -1342
82        2        2        4     -1    13368    13347    -38   2891  -1342
83        2        1        3     -1    13362    13364     14   2891  -1342
84        2        2        4      0    13367    13359    -50   2892  -1342
85        2        1        3     -1    13362    13379     22   2891  -1342
86        3        1        4     -1    13368    13348    -37   2892  -1342
87        2        1        3      0    13372    13358     10   2890  -1342
88        2        2        4     -1    13372    13334    -49   2890  -1342
89        2        1        3     -2    13366    13365     11   2889  -1341
