53     -344      339       -5    683    12544    12539    -57    662
54     -345      339       -6    684    12546    12549    -59    662
55     -344      339       -5    683    12548    12547    -76    662
56     -344      339       -5    683    12548    12523    -40    661
57     -345      339       -6    684    12546    12545    -60    661
58     -344      339       -5    683    12548    12543    -12    660
59     -344      340       -4    684    12546    12541    -22    660
60     -345      339       -6    684    12542    12547    -25    660
61     -344      339       -5    683    12542    12551      4    660
62     -344      340       -4    684    12541    12549     79    660
63     -344      339       -5    683    12545    12547     26    661
64     -344      339       -5    683    12546    12546     25    661
65     -344      339       -5    683    12548    12537      7    661
66     -345      340       -5    685    12540    12549     19    661
67     -344      339       -5    683    12534    12553     68    661
68     -344      339       -5    683    12544    12543     -3    662
69     -344      339       -5    683    12552    12542    -18    662
70     -344      339       -5    683    12550    12544    -73    662
71     -344      339       -5    683    12553    12537    -66    661
72     -345      339       -6    684    12548    12543    -78    661
73     -343      339       -4    682    12537    12549     21    660
74     -344      339       -5    683    12536    12552     14    661
75     -344      339       -5    683    12537    12551     69    661
76     -344      339       -5    683    12538    12549     36    662
77     -344      340       -4    684    12542    12545     65    662
78     -344      339       -5    683    12548    12545     71    662
79     -344      339       -5    683    12551    12543     65    662
80     -344      339       -5    683    12549    12523     26    662
81     -345      339       -6    684    12548    12541     -8    662
82     -344      339       -5    683    12544    12537    -31    662
83     -344      339       -5    683    12547    12542    -64    662
84     -345      339       -6    684    12548    12545    -73    662
85     -344      340       -4    684    12544    12549     -7    661
86     -345      339       -6    684    12542    12543     -2    661
87     -344      340       -4    684    12544    12539     -6    661
88     -345      339       -6    684    12542    12545     -9    661
89     -344      339       -5    683    12541    12549     20    661
90     -345      339       -6    684    12544    12547     26    661
91     -344      340       -4    684    12542    12547     46    661
92     -344      339       -5    683    12542    12538     27    661
93     -344      339       -5    683    12544    12543     37    661
94     -344      338       -6    682    12543    12545     19    661
95     -344      339       -5    683    12538    12550     42    661
96     -343      340       -3    683    12545    12549      4    662
97     -344      339       -5    683    12542    12545     23    662
98     -344      339       -5    683    12540    12545     40    662
99     -344      339       -5    683    12543    12546     56    662
 0     -345      340       -5    685    12546    12543     59    662
 1     -344      339       -5    683    12544    12545     41    662
 2     -344      339       -5    683    12544    12547     24    662
 3     -344      340       -4    684    12542    12547     30    662
 4     -344      339       -5    683    12543    12549     52    662
 5     -345      340       -5    685    12540    12543     79    662
 6     -344      339       -5    683    12544    12543      9    663
 7     -344      340       -4    684    12544    12547      2    663
 8     -345      339       -6    684    12546    12545    -10    663
 9     -344      339       -5    683    12544    12541    -49    663
10     -345      339       -6    684    12544    12543      1    662
11     -344      339       -5    683    12547    12542    -12    662
12     -345      340       -5    685    12544    12547    -14    662
13     -344      339       -5    683    12548    12545      2    662
14     -344      340       -4    684    12544    12545     23    662
15     -345      340       -5    685    12552    12542    -10    662
16     -344      339       -5    683    12544    12546    -17    662
17     -345      340       -5    685    12544    12537    -35    662
18     -344      339       -5    683    12544    12545    -29    662
19     -344      340       -4    684    12544    12546    -48    662
20     -345      339       -6    684    12544    12537    -71    662
21     -344      339       -5    683    12544    12544      0    661
22     -344      340       -4    684    12544    12545    -10    661
23     -345      339       -6    684    12548    12538    -21    661
24     -344      339       -5    683    12546    12539     -3    660
25     -345      340       -5    685    12544    12546    -29    660
26     -344      339       -5    683    12543    12548    -18    660
27     -344      339       -5    683    12544    12543    -21    660
28     -345      340       -5    685    12544    12547    -10    660
29     -344      339       -5    683    12534    12551     30    660
30     -344      340       -4    684    12544    12539     40    660
31     -344      339       -5    683    12544    12545     44    660
32     -345      339       -6    684    12544    12549     46    660
33     -344      340       -4    684    12541    12549      5    661
34     -344      339       -5    683    12542    12545     30    661
35     -344      339       -5    683    12548    12545     33    661
36     -344      339       -5    683    12544    12541     20    661
37     -344      339       -5    683    12544    12543     24    661
38     -344      340       -4    684    12543    12547     29    661
39     -344      339       -5    683    12540    12549     52    661
40     -345      340       -5    685    12542    12550     59    661
41     -344      339       -5    683    12544    12545     68    661
42     -344      339       -5    683    12544    12545    -10    662
43     -344      339       -5    683    12550    12549    -16    662
44     -344      340       -4    684    12544    12529    -36    662
45     -345      339       -6    684    12544    12535      2    661
46     -344      339       -5    683    12542    12549     23    661
47     -344      339       -5    683    12540    12549    -12    661
48     -344      339       -5    683    12543    12545      1    661
49     -344      339       -5    683    12540    12551     32    661
50     -344      339       -5    683    12542    12533     41    661
51     -344      339       -5    683    12545    12547     40    661
52     -344      339       -5    683    12539    12550     74    661
53     -344      339       -5    683    12544    12545    -17    662
54     -344      339       -5    683    12547    12537    -27    662
55     -344      340       -4    684    12545    12541    -61    662
56     -344      339       -5    683    12543    12549    -61    662
57     -344      339       -5    683    12541    12543    -36    662
58     -344      339       -5    683    12545    12549     -9    662
59     -344      339       -5    683    12544    12545    -15    662
60     -345      340       -5    685    12544    12543    -43    662
61     -344      338       -6    682    12542    12549     -6    661
62     -344      339       -5    683    12546    12541    -51    661
63     -344      339       -5    683    12547    12543    -79    661
64     -344      339       -5    683    12541    12547     21    660
65     -344      339       -5    683    12542    12549     37    660
66     -343      339       -4    682    12544    12548     72    660
67     -344      339       -5    683    12554    12522     38    660
68     -344      339       -5    683    12549    12537    -16    660
69     -345      339       -6    684    12550    12512    -77    660
70     -344      338       -6    682    12544    12544    -24    659
71     -344      339       -5    683    12542    12518    -71    659
72     -343      339       -4    682    12551    12512    -35    658
73     -344      338       -6    682    12545    12542    -44    658
74     -343      339       -4    682    12533    12553     12    658
75     -344      339       -5    683    12539    12546     51    658
76     -344      339       -5    683    12545    12530     23    658
77     -343      338       -5    681    12543    12549     41    658
78     -344      339       -5    683    12537    12552     12    659
79     -343      339       -4    682    12541    12552     53    659
80     -344      339       -5    683    12539    12547      4    660
81     -343      338       -5    681    12551    12550    -20    660
82     -344      339       -5    683    12546    12510    -13    659
83     -344      338       -6    682    12545    12546    -23    659
84     -343      339       -4    682    12541    12548     10    659
85     -343      339       -4    682    12539    12542     36    659
86     -344      338       -6    682    12543    12548      5    660
87     -343      339       -4    682    12539    12540     32    660
88     -344      339       -5    683    12542    12549     57    660
89     -344      339       -5    683    12547    12524    -20    661
90     -343      339       -4    682    12543    12530    -37    661
91     -344      338       -6    682    12546    12549    -23    661
92     -344      339       -5    683    12552    12547    -31    661
93     -343      339       -4    682    12545    12544    -46    661
94     -344      339       -5    683    12545    12549    -54    661
95     -344      338       -6    682    12549    12549    -67    661
96     -343      339       -4    682    12546    12549      3    660
97     -344      338       -6    682    12547    12544      2    660
98     -344      339       -5    683    12544    12543     12    660
99     -343      338       -5    681    12545    12549     16    660
 0     -344      339       -5    683    12539    12549     48    660
 1     -343      339       -4    682    12541    12540     70    660
 2     -344      338       -6    682    12547    12550     -5    661
 3     -343      339       -4    682    12545    12545    -20    661
 4     -344      339       -5    683    12545    12538    -36    661
 5     -344      338       -6    682    12544    12546    -28    661
 6     -343      339       -4    682    12542    12542    -25    661
 7     -344      339       -5    683    12545    12543    -32    661
 8     -343      339       -4    682    12551    12547    -57    661
 9     -344      338       -6    682    12545    12532     -2    660
10     -344      339       -5    683    12545    12545     -9    660
11     -344      339       -5    683    12546    12543    -65    660
12     -343      338       -5    681    12545    12545    -71    660
13     -344      339       -5    683    12543    12549    -50    660
14     -343      339       -4    682    12547    12548    -38    660
15     -344      338       -6    682    12545    12549    -48    660
16     -344      339       -5    683    12546    12523     -1    659
17     -344      339       -5    683    12543    12542      6    659
18     -344      338       -6    682    12547    12550     22    659
19     -344      339       -5    683    12542    12548     25    659
20     -343      339       -4    682    12545    12547     19    659
21     -344      339       -5    683    12545    12539     -3    659
22     -344      338       -6    682    12544    12538    -13    659
23     -344      339       -5    683    12545    12549    -27    659
24     -344      338       -6    682    12545    12540    -32    659
25     -344      339       -5    683    12550    12541    -59    659
26     -343      339       -4    682    12547    12548    -70    659
27     -344      338       -6    682    12543    12538    -57    659
28     -343      339       -4    682    12545    12541    -35    659
29     -344      339       -5    683    12554    12549    -61    659
30     -344      338       -6    682    12544    12549      8    658
31     -344      339       -5    683    12545    12528     13    658
32     -343      339       -4    682    12551    12547      3    658
33     -345      339       -6    684    12546    12524    -23    658
34     -343      338       -5    681    12542    12545    -25    658
35     -344      339       -5    683    12535    12548      2    658
36     -343      339       -4    682    12533    12553     62    658
37     -344      339       -5    683    12531    12547     41    659
38     -343      339       -4    682    12538    12548      1    660
39     -344      338       -6    682    12543    12546     29    660
40     -344      339       -5    683    12544    12543     32    660
41     -344      338       -6    682    12556    12532    -67    660
42     -343      339       -4    682    12553    12532    -68    659
43     -344      338       -6    682    12539    12549    -63    659
44     -343      339       -4    682    12533    12550    -24    659
45     -344      339       -5    683    12537    12551     30    659
46     -343      339       -4    682    12536    12551      0    660
47     -344      339       -5    683    12541    12548     41    660
48     -343      339       -4    682    12538    12549      7    661
49     -344      339       -5    683    12540    12546     26    661
50     -343      339       -4    682    12543    12547     52    661
51     -344      338       -6    682    12544    12549     62    661
52     -344      339       -5    683    12546    12538     -8    662
53     -344      339       -5    683    12548    12547    -55    662
54     -344      338       -6    682    12554    12529    -20    661
55     -344      339       -5    683    12544    12543    -43    661
56     -344      339       -5    683    12547    12524     -4    660
57     -344      339       -5    683    12542    12541     -3    660
58     -343      338       -5    681    12543    12543     17    660
59     -344      339       -5    683    12536    12545     36    660
60     -344      339       -5    683    12542    12547     70    660
61     -344      340       -4    684    12544    12542      3    661
62     -344      339       -5    683    12540    12547     25    661
63     -344      339       -5    683    12544    12549     44    661
64     -344      339       -5    683    12548    12543     36    661
65     -344      338       -6    682    12552    12541    -18    661
66     -344      339       -5    683    12546    12544    -10    660
67     -345      339       -6    684    12544    12545     -2    660
68     -344      339       -5    683    12536    12546     19    660
69     -344      339       -5    683    12546    12541     15    660
70     -344      339       -5    683    12544    12541    -25    660
71     -344      339       -5    683    12544    12535    -69    660
72     -344      339       -5    683    12538    12547    -57    660
73     -344      339       -5    683    12540    12547    -41    660
74     -344      339       -5    683    12542    12548    -37    660
75     -344      339       -5    683    12542    12545    -31    660
76     -344      338       -6    682    12546    12541    -55    660
77     -344      339       -5    683    12545    12547      7    659
78     -344      339       -5    683    12540    12549     23    659
79     -344      340       -4    684    12545    12547     37    659
80     -344      339       -5    683    12544    12548     72    659
81     -344      339       -5    683    12536    12545      5    660
82     -344      340       -4    684    12544    12546     27    660
83     -344      339       -5    683    12544    12549     46    660
84     -344      339       -5    683    12544    12537     41    660
85     -344      339       -5    683    12546    12547     35    660
