54       -1        6        5      9    13344    13375     38   2863  -4095
55       -2        7        5      7    13350    13377     -6   2863  -4095
56       -2        6        4      8    13346    13361     -1   2862  -4095
57       -1        6        5      7    13364    13358     18   2862  -4095
58       -2        6        4      8    13376    13329    -26   2862  -4095
59       -1        6        5      7    13347    13382     11   2863  -4095
60       -1        6        5      8    13371    13332    -23   2862  -4095
61       -2        6        4      7    13358    13354     34   2862  -4095
62       -1        6        5      7    13350    13370    -30   2862  -4095
63       -2        5        3      7    13334    13384     34   2861  -4095
64       -1        6        5      7    13362    13348    -38   2861  -4095
65       -2        6        4      8    13336    13386     70   2860  -4095
66       -1        6        5      8    13336    13385     71   2861  -4095
67       -2        6        4      7    13382    13322    -13   2862  -4095
68       -2        6        4      8    13350    13379     45   2863  -4095
69       -1        6        5      7    13357    13334    -52   2863  -4095
70       -1        6        5      8    13356    13358    -31   2863  -4095
71       -2        6        4      7    13348    13370     21   2862  -4095
72       -2        6        4      8    13354    13360     -6   2862  -4095
73       -1        6        5      7    13374    13367     21   2861  -4095
74       -2        6        4      8    13366    13334    -16   2862  -4095
75       -1        6        5      8    13361    13359    -47   2861  -4095
76       -2        6        4      8    13344    13373     34   2860  -4095
77       -1        6        5      7    13354    13361     -3   2860  -4095
78       -2        7        5      8    13354    13374     56   2861  -4095
79       -1        6        5      7    13378    13333    -47   2863  -4095
80       -1        6        5      9    13345    13359    -20   2864  -4095
81       -2        6        4      7    13374    13330    -77   2863  -4095
82       -2        7        5      8    13371    13337    -49   2862  -4095
83       -1        6        5      7    13360    13377      8   2861  -4095
84       -2        5        3      7    13360    13358    -10   2860  -4095
85       -1        6        5      8    13338    13374     41   2860  -4095
86       -2        6        4      8    13347    13363     11   2862  -4095
87       -1        6        5      7    13352    13376    -15   2862  -4095
88       -2        6        4      8    13375    13345    -66   2862  -4095
89       -2        7        5      8    13350    13349     50   2862  -4095
90       -1        6        5      7    13364    13332     25   2863  -4095
91       -2        6        4      8    13360    13365     -9   2862  -4095
92       -1        6        5      7    13317    13397     76   2861  -4095
93       -2        5        3      8    13336    13382     -3   2863  -4095
94       -1        6        5      6    13364    13329    -17   2863  -4095
95       -1        6        5      7    13337    13365     13   2862  -4095
96       -1        6        5      7    13352    13373      0   2862  -4095
97       -2        6        4      8    13362    13364     11   2861  -4095
98       -1        6        5      8    13338    13386     -3   2862  -4095
99       -2        6        4      7    13348    13366     24   2862  -4095
 0       -1        6        5      8    13337    13400     33   2863  -4095
 1       -2        5        3      6    13360    13353    -18   2863  -4095
 2       -1        6        5      7    13359    13344    -11   2861  -4095
 3       -1        5        4      8    13337    13380     48   2860  -4095
 4       -1        6        5      6    13363    13360      7   2862  -4095
 5       -1        6        5      6    13356    13360     52   2862  -4095
 6       -1        6        5      7    13361    13385    -15   2863  -4095
 7       -1        6        5      8    13339    13373    -18   2863  -4095
 8       -1        6        5      7    13361    13356     25   2864  -4095
 9       -1        5        4      6    13369    13346     -7   2865  -4095
10       -1        6        5      6    13369    13349    -11   2866  -4095
11       -1        6        5      8    13367    13328    -35   2865  -4095
12       -2        5        3      6    13371    13332    -28   2864  -4095
13       -1        6        5      8    13372    13334    -14   2864  -4095
14       -1        6        5      7    13376    13335    -28   2864  -4095
15       -2        5        3      7    13357    13348      8   2864  -4095
16       -1        7        6      7    13357    13349     -9   2865  -4095
17       -1        6        5      8    13367    13348    -20   2866  -4095
18       -2        5        3      7    13361    13343    -33   2866  -4095
19       -1        6        5      6    13363    13342    -61   2864  -4095
20       -1        5        4      8    13344    13383     44   2862  -4095
21       -1        6        5      7    13361    13351    -40   2862  -4095
22       -1        6        5      7    13352    13372    -24   2862  -4095
23       -2        6        4      6    13381    13324     -4   2860  -4095
24       -1        6        5      7    13328    13400    -16   2863  -4095
25       -1        5        4      8    13351    13376     42   2862  -4095
26       -1        6        5      6    13354    13350    -15   2862  -4095
27       -1        5        4      6    13358    13363     44   2862  -4095
28       -1        6        5      7    13377    13353     -4   2863  -4095
29       -1        6        5      7    13372    13335     13   2863  -4095
30       -2        5        3      6    13360    13366    -43   2863  -4095
31        0        5        5      6    13349    13381    -51   2862  -4095
32       -1        6        5      7    13355    13339    -42   2862  -4095
33       -1        6        5      6    13361    13359     -6   2863  -4095
34       -1        5        4      6    13356    13335     -4   2864  -4095
35       -1        6        5      7    13359    13318    -16   2863  -4095
36       -1        6        5      8    13347    13344    -31   2862  -4095
37       -1        5        4      6    13383    13327    -31   2862  -4095
38       -2        5        3      7    13333    13399    -13   2862  -4095
39       -1        6        5      6    13353    13348     45   2861  -4095
40       -1        5        4      6    13353    13365      3   2862  -4095
41       -1        6        5      7    13337    13382      7   2863  -4095
42       -1        5        4      8    13359    13366     22   2863  -4095
43       -1        6        5      6    13356    13338    -52   2863  -4095
44       -1        6        5      7    13371    13348    -43   2863  -4095
45       -1        6        5      6    13366    13340     -7   2863  -4095
46       -1        5        4      6    13389    13297     -7   2862  -4095
47       -1        6        5      8    13335    13377     17   2864  -4095
48       -1        6        5      6    13350    13349    -38   2864  -4095
49       -1        6        5      7    13355    13378    -25   2864  -4095
50       -1        5        4      7    13358    13348    -16   2864  -4095
51       -1        6        5      6    13348    13381    -10   2864  -4095
52       -1        5        4      8    13361    13358      6   2863  -4095
53       -2        6        4      6    13362    13353     -8   2862  -4095
54        0        6        6      7    13379    13333    -63   2862  -4095
55       -1        5        4      6    13349    13375     -4   2862  -4095
56       -1        6        5      6    13353    13371     18   2861  -4095
57       -1        5        4      7    13379    13343    -76   2862  -4095
58       -2        6        4      7    13362    13362      3   2861  -4095
59       -1        5        4      6    13341    13379     47   2860  -4095
60       -1        6        5      7    13362    13361     23   2861  -4095
61       -1        5        4      7    13365    13354    -35   2862  -4095
62       -1        6        5      6    13351    13370     -8   2862  -4095
63       -1        6        5      7    13365    13344    -29   2863  -4095
64       -1        5        4      7    13357    13362     -6   2864  -4095
65       -1        6        5      7    13385    13340    -24   2863  -4095
66       -2        6        4      7    13346    13350     -1   2863  -4095
67       -1        6        5      7    13349    13368     56   2863  -4095
68       -1        6        5      7    13369    13348      4   2865  -4095
69       -1        6        5      7    13362    13346    -54   2864  -4095
70       -1        6        5      8    13376    13338     11   2863  -4095
71       -1        6        5      6    13365    13362    -15   2863  -4095
72       -1        6        5      7    13339    13374     -2   2863  -4095
73       -1        5        4      8    13343    13380      8   2863  -4095
74       -2        6        4      6    13353    13372     43   2864  -4095
75       -1        6        5      7    13365    13376    -21   2865  -4095
76       -1        5        4      6    13340    13374     52   2864  -4095
77       -1        5        4      8    13385    13333    -50   2863  -4095
78       -1        6        5      6    13345    13372     35   2862  -4095
79       -2        6        4      7    13365    13357      2   2862  -4095
80       -1        5        4      7    13373    13344      0   2861  -4095
81       -1        7        6      7    13343    13372      7   2862  -4095
82       -2        5        3      8    13352    13359    -30   2863  -4095
83       -2        6        4      8    13366    13350      9   2862  -4095
84       -1        6        5      7    13361    13340     14   2862  -4095
85       -2        6        4      8    13379    13317     -6   2862  -4095
86       -1        7        6      8    13350    13365     68   2862  -4095
87       -2        6        4      7    13343    13394     61   2862  -4095
88       -2        6        4      8    13382    13342    -35   2862  -4095
89       -1        6        5      7    13363    13365     45   2861  -4095
90       -2        6        4      8    13339    13387     29   2861  -4095
91       -1        5        4      7    13379    13342    -79   2861  -4095
92       -2        6        4      7    13359    13354     -4   2861  -4095
93       -1        6        5      8    13355    13351    -19   2861  -4095
94       -2        6        4      7    13340    13394     12   2861  -4095
95       -2        6        4      8    13368    13338    -17   2862  -4095
96       -1        6        5      7    13378    13340    -66   2862  -4095
97       -2        6        4      8    13322    13399     -1   2861  -4095
98       -1        6        5      8    13351    13363    -22   2862  -4095
99       -2        6        4      7    13338    13376     13   2861  -4095
 0       -2        6        4      8    13339    13368    -19   2863  -4095
 1       -1        6        5      8    13345    13367     38   2862  -4095
 2       -2        7        5      8    13357    13332     17   2862  -4095
 3       -1        6        5      7    13379    13338    -16   2862  -4095
 4       -2        6        4      8    13348    13368     54   2862  -4095
 5       -1        6        5      9    13348    13361    -16   2864  -4095
 6       -2        7        5      7    13344    13370     58   2864  -4095
 7       -1        5        4      8    13360    13352    -12   2864  -4095
 8       -2        6        4      7    13365    13352     23   2864  -4095
 9       -1        7        6      7    13373    13315    -25   2864  -4095
10       -1        6        5      8    13366    13347    -11   2863  -4095
11       -2        6        4      7    13342    13383     -9   2863  -4095
12       -1        6        5      7    13359    13353     36   2863  -4095
13       -2        6        4      8    13358    13360    -63   2864  -4095
14       -1        6        5      7    13375    13322    -46   2863  -4095
15       -2        6        4      8    13366    13342    -67   2862  -4095
16       -1        6        5      9    13338    13361    -34   2861  -4095
17       -2        7        5      8    13339    13390      9   2862  -4095
18       -2        6        4      7    13296    13431     50   2864  -4095
19       -2        6        4      8    13354    13341    -50   2864  -4095
20       -2        6        4      9    13322    13406     63   2864  -4095
21       -1        7        6      8    13386    13321    -59   2864  -4095
22       -2        6        4      7    13351    13359    -13   2863  -4095
23       -2        6        4      8    13365    13348      0   2862  -4095
24       -1        6        5      8    13349    13367    -16   2863  -4095
25       -2        5        3      7    13355    13340    -30   2863  -4095
26       -1        6        5      7    13351    13391     66   2862  -4095
27       -2        6        4      8    13363    13356    -22   2863  -4095
28       -1        6        5      6    13329    13374     46   2861  -4095
29       -2        6        4      8    13358    13352     23   2862  -4095
30       -1        6        5      8    13356    13347    -37   2862  -4095
31       -2        6        4      7    13340    13364     19   2861  -4095
32       -1        6        5      8    13364    13360    -18   2861  -4095
33       -2        6        4      7    13346    13364     29   2862  -4095
34       -1        6        5      8    13372    13332    -21   2862  -4095
35       -2        6        4      7    13362    13360     15   2863  -4095
36       -1        6        5      7    13361    13348      0   2863  -4095
37       -2        6        4      8    13388    13312    -60   2863  -4095
38       -1        6        5      7    13326    13398     65   2862  -4095
39       -2        6        4      8    13355    13367     24   2862  -4095
40       -1        6        5      7    13353    13393    -18   2862  -4095
41       -1        6        5      8    13351    13388     54   2861  -4095
42       -1        6        5      7    13349    13364    -11   2863  -4095
43       -1        5        4      6    13367    13353     25   2862  -4095
44       -1        5        4      6    13382    13327    -75   2862  -4095
45       -1        6        5      6    13391    13303    -12   2859  -4095
46       -1        5        4      6    13325    13392     52   2859  -4095
47       -1        5        4      7    13341    13402     50   2859  -4095
48       -1        6        5      6    13343    13368     40   2860  -4095
49       -1        5        4      6    13363    13343     -4   2859  -4095
50       -1        6        5      7    13324    13401     46   2859  -4095
51       -1        6        5      7    13381    13342      1   2860  -4095
52       -1        5        4      7    13353    13351    -14   2861  -4095
53       -1        6        5      6    13361    13354    -51   2861  -4095
54       -1        6        5      7    13386    13320    -77   2861  -4095
55       -1        5        4      6    13348    13387      3   2861  -4095
56       -1        5        4      7    13352    13375     35   2859  -4095
57       -1        6        5      6    13346    13384     12   2861  -4095
58       -1        6        5      7    13356    13391     32   2861  -4095
59       -1        5        4      7    13351    13384     57   2861  -4095
60       -1        6        5      7    13353    13358     10   2861  -4095
61       -1        5        4      7    13374    13341     -8   2860  -4095
62       -2        6        4      6    13330    13392     10   2861  -4095
63       -1        6        5      8    13362    13354    -32   2862  -4095
64       -2        6        4      7    13362    13360      2   2862  -4095
65       -2        6        4      8    13370    13325    -64   2862  -4095
66       -1        6        5      9    13351    13369     46   2862  -4095
67       -3        6        3      7    13354    13351     53   2861  -4095
68       -2        6        4      8    13345    13372     -2   2862  -4095
69       -2        7        5      9    13352    13351    -27   2863  -4095
70       -2        6        4      9    13365    13359      8   2862  -4095
71       -2        7        5      8    13345    13374    -21   2862  -4095
72       -2        6        4      8    13376    13336    -61   2862  -4095
73       -2        7        5      9    13367    13339      7   2861  -4095
74       -1        6        5      8    13370    13338    -27   2860  -4095
75       -2        6        4      7    13352    13374      2   2861  -4095
76       -2        6        4      8    13362    13358    -12   2860  -4095
77       -1        6        5      8    13348    13380     -9   2861  -4095
78       -2        6        4      7    13342    13375     19   2860  -4095
79       -1        5        4      7    13375    13330     -7   2860  -4095
80       -2        6        4      7    13368    13338     -4   2859  -4095
81       -1        6        5      7    13369    13349      6   2860  -4095
82       -1        6        5      7    13337    13365     54   2861  -4095
83       -1        6        5      7    13347    13370    -17   2862  -4095
84       -1        5        4      8    13341    13372     50   2862  -4095
85       -2        6        4      6    13347    13368     30   2862  -4095
86       -1        5        4      7    13357    13375      7   2863  -4095
87       -1        6        5      8    13363    13339     10   2864  -4095
88       -2        6        4      6    13350    13348    -70   2864  -4095
89       -1        6        5      8    13368    13333      6   2862  -4095
90       -2        6        4      7    13347    13390     39   2862  -4095
91       -1        5        4      7    13365    13336    -77   2862  -4095
92       -2        6        4      7    13347    13374     51   2861  -4095
93       -1        6        5      7    13351    13352     40   2862  -4095
94       -1        5        4      7    13357    13360    -20   2862  -4095
95       -1        6        5      6    13338    13411     52   2862  -4095
96       -1        5        4      7    13371    13338    -42   2864  -4095
97       -1        6        5      6    13373    13353     -6   2863  -4095
98       -1        5        4      6    13343    13392     60   2863  -4095
99       -1        5        4      7    13365    13341    -53   2864  -4095
 0        0        6        6      6    13359    13346    -49   2863  -4095
 1       -1        5        4      5    13351    13389     39   2862  -4095
 2       -1        5        4      6    13391    13317    -43   2862  -4095
 3       -1        5        4      6    13351    13369    -30   2862  -4095
 4       -1        5        4      7    13365    13370    -11   2863  -4095
 5        0        6        6      6    13351    13360      0   2863  -4095
 6       -1        5        4      6    13353    13357     36   2863  -4095
 7       -1        6        5      7    13357    13365     37   2863  -4095
 8       -1        5        4      6    13347    13354      1   2864  -4095
 9       -1        6        5      6    13368    13328    -38   2864  -4095
10       -1        5        4      6    13349    13380     -9   2863  -4095
11       -1        6        5      7    13379    13335    -74   2862  -4095
12       -1        5        4      6    13319    13422     65   2862  -4095
13       -1        5        4      7    13377    13304    -28   2862  -4095
14       -1        6        5      6    13359    13366     35   2861  -4095
15       -1        6        5      7    13350    13376     17   2861  -4095
16       -1        5        4      7    13360    13355     -1   2861  -4095
17       -1        6        5      7    13367    13332     10   2860  -4095
18       -2        5        3      6    13351    13368     14   2860  -4095
19       -1        6        5      8    13353    13356      8   2860  -4095
20       -2        5        3      6    13331    13396     -5   2860  -4095
21       -1        6        5      7    13344    13376    -13   2860  -4095
22       -1        5        4      8    13370    13349     36   2860  -4095
