77       -3        8        5     10    13375    13338    -21   2874  -3824
78       -2        7        5     11    13383    13301    -26   2872  -3830
79       -3        8        5      9    13367    13342     20   2872  -3835
80       -2        6        4      8    13364    13343     24   2872  -3839
81       -1        6        5      8    13349    13382    -33   2872  -3843
82       -2        6        4      7    13363    13344     -5   2871  -3847
83       -1        6        5      8    13362    13365     29   2872  -3851
84       -1        4        3      5    13317    13413     -7   2873  -3853
85        0        5        5      6    13365    13345      0   2874  -3856
86        0        5        5      4    13366    13371     22   2874  -3858
87        0        4        4      3    13366    13346    -14   2873  -3859
88        0        4        4      4    13348    13349     20   2872  -3861
89        0        4        4      4    13333    13385     51   2873  -3863
90        0        4        4      5    13356    13378     -9   2875  -3865
91        0        4        4      3    13370    13322     -3   2873  -3866
92        1        4        5      4    13366    13352    -46   2873  -3868
93        0        4        4      3    13347    13363     12   2873  -3869
94        1        4        5      3    13379    13342    -54   2874  -3870
95        1        3        4      3    13364    13347    -11   2873  -3871
96        1        4        5      2    13363    13346    -39   2874  -3872
97        1        3        4      2    13346    13354     55   2874  -3873
98        1        4        5      3    13343    13400     74   2875  -3874
99        1        3        4      2    13342    13367    -13   2876  -3875
 0        1        3        4      2    13341    13381     33   2874  -3876
 1        2        2        4      2    13364    13347    -54   2874  -3877
 2        1        3        4      0    13364    13354    -54   2872  -3877
 3        2        3        5      1    13350    13383     54   2871  -3877
 4        2        3        5      1    13358    13343     -8   2873  -3877
 5        1        3        4      2    13364    13355    -26   2872  -3878
 6        2        3        5      1    13345    13377     -1   2872  -3878
 7        2        2        4      1    13380    13325     -1   2872  -3878
 8        1        2        3      1    13358    13359    -13   2871  -3878
 9        2        3        5      0    13352    13360    -17   2873  -3878
10        2        3        5      1    13347    13380     65   2873  -3878
11        2        2        4      1    13372    13353     -8   2873  -3878
12        1        3        4      2    13352    13378    -32   2873  -3879
13        1        3        4      1    13379    13325    -52   2872  -3879
14        2        3        5      2    13366    13322    -17   2872  -3880
15        2        3        5      0    13368    13340     -7   2871  -3880
16        2        3        5      1    13358    13375     37   2871  -3880
17        2        2        4      0    13380    13336    -20   2871  -3880
18        2        3        5      1    13375    13335    -58   2870  -3880
19        2        2        4      0    13368    13350    -47   2869  -3880
20        3        3        6      1    13332    13413     25   2870  -3880
21        2        2        4      0    13334    13376      9   2870  -3880
22        2        3        5      0    13366    13363    -46   2871  -3880
23        2        2        4      1    13333    13379     74   2870  -3880
24        2        3        5      0    13344    13369    -24   2873  -3880
25        2        2        4      0    13354    13359     12   2872  -3880
26        2        2        4      0    13380    13341    -10   2872  -3880
27        2        2        4      0    13366    13348    -14   2871  -3880
28        2        3        5      1    13376    13339      3   2871  -3880
29        2        2        4      0    13374    13340    -58   2870  -3880
30        2        2        4      1    13366    13367     29   2869  -3880
31        3        3        6     -1    13343    13375     25   2870  -3880
32        2        3        5      1    13370    13359      4   2871  -3880
33        2        2        4      0    13338    13407     50   2872  -3880
34        2        2        4      0    13352    13384     41   2871  -3880
35        2        3        5      1    13359    13376    -15   2871  -3880
36        2        2        4      1    13358    13365     30   2870  -3880
37        2        3        5      0    13360    13359     10   2870  -3880
38        2        3        5      1    13364    13374     17   2871  -3880
39        2        3        5      1    13362    13371      6   2872  -3880
40        2        2        4      0    13358    13360    -43   2872  -3880
41        2        3        5      1    13359    13365     33   2872  -3880
42        2        3        5      2    13353    13377     71   2872  -3881
43        1        2        3      1    13347    13357    -24   2873  -3881
44        2        3        5      1    13362    13356     50   2872  -3881
45        2        3        5      0    13324    13397     24   2874  -3881
46        2        2        4      2    13351    13372     30   2874  -3882
47        1        3        4      0    13376    13353      7   2873  -3882
48        2        2        4      0    13359    13356    -15   2872  -3882
49        2        3        5      1    13398    13302      3   2870  -3882
50        2        2        4      1    13336    13405      5   2871  -3882
51        2        4        6      1    13360    13359      9   2871  -3882
52        2        3        5      1    13368    13349     53   2871  -3882
53        2        3        5      2    13373    13339    -73   2872  -3883
54        1        2        3      1    13359    13367    -12   2871  -3883
55        2        3        5      1    13333    13381     -8   2871  -3883
56        2        3        5      0    13369    13339    -50   2871  -3883
57        2        2        4      1    13344    13375     17   2871  -3883
58        2        3        5      1    13360    13374    -21   2872  -3883
59        2        3        5      0    13372    13338      1   2872  -3883
60        2        2        4      1    13367    13364     10   2872  -3883
61        2        3        5      0    13368    13353     10   2871  -3883
62        2        2        4      1    13357    13356    -17   2871  -3883
63        2        3        5      1    13362    13342      8   2871  -3883
64        2        3        5      0    13377    13334    -77   2872  -3883
65        2        2        4      1    13367    13336      2   2873  -3883
66        1        3        4      1    13355    13364      2   2872  -3883
67        3        2        5      1    13336    13391     42   2873  -3883
68        2        3        5      0    13368    13339     -9   2873  -3883
69        1        2        3      1    13361    13342     11   2873  -3883
70        3        3        6      0    13350    13362      1   2874  -3883
71        1        3        4      1    13356    13355    -41   2872  -3883
72        2        3        5      1    13353    13353      9   2871  -3883
73        2        2        4      1    13361    13361     -1   2871  -3883
74        1        3        4      1    13383    13321     -2   2871  -3883
75        2        3        5      1    13359    13354    -37   2871  -3883
76        2        3        5      2    13350    13351     13   2872  -3884
77        2        3        5      1    13384    13329    -23   2873  -3884
78        2        3        5      0    13350    13362    -45   2873  -3884
79        2        2        4      2    13378    13338    -24   2871  -3885
80        2        2        4      0    13332    13384     78   2870  -3885
81        2        3        5     -1    13364    13339    -73   2871  -3885
82        2        2        4      0    13364    13351     27   2871  -3885
83        3        2        5      1    13322    13401     37   2871  -3885
84        2        3        5     -1    13360    13347     -7   2871  -3885
85        2        2        4      0    13346    13371     35   2870  -3885
86        3        2        5      0    13358    13360    -11   2871  -3885
87        2        2        4      0    13367    13358    -10   2872  -3885
88        2        3        5      0    13352    13362     52   2871  -3885
89        2        2        4      1    13359    13365     28   2871  -3885
90        2        3        5      0    13356    13349     31   2871  -3885
91        2        2        4      0    13350    13349     48   2871  -3885
92        2        3        5      1    13358    13359     27   2871  -3885
93        2        3        5      2    13348    13367    -25   2873  -3886
94        2        2        4      0    13368    13339     -8   2871  -3886
95        2        2        4      1    13368    13356     14   2871  -3886
96        1        3        4      0    13384    13330    -16   2870  -3886
97        3        2        5      1    13370    13349     12   2870  -3886
98        2        3        5      0    13368    13354    -45   2870  -3886
99        2        2        4      0    13340    13400      2   2870  -3886
 0        2        2        4      1    13361    13353     14   2870  -3886
 1        2        3        5     -1    13352    13367      5   2870  -3886
 2        2        2        4      1    13360    13362     20   2870  -3886
 3        2        3        5      1    13370    13368    -27   2870  -3886
 4        2        3        5      1    13358    13371     -6   2870  -3886
 5        2        3        5      1    13370    13317     25   2870  -3886
 6        2        2        4      0    13358    13365     43   2871  -3886
 7        2        3        5      1    13372    13339    -27   2872  -3886
 8        2        2        4      0    13346    13379     57   2872  -3886
 9        2        3        5      1    13355    13365    -17   2873  -3886
10        2        2        4      0    13346    13372     49   2872  -3886
11        2        3        5      1    13357    13367     11   2871  -3886
12        2        2        4      1    13370    13349    -48   2872  -3886
13        1        3        4      0    13382    13336     16   2871  -3886
14        2        3        5      1    13354    13377     65   2871  -3886
15        2        2        4      1    13346    13357    -17   2873  -3886
16        2        3        5      0    13372    13335    -13   2873  -3886
17        2        2        4      1    13368    13333    -27   2873  -3886
18        3        3        6      0    13332    13396     55   2872  -3886
19        2        2        4      0    13372    13330     -9   2872  -3886
20        2        2        4     -1    13363    13347    -20   2872  -3886
21        2        2        4      0    13365    13337    -46   2870  -3886
22        2        3        5      1    13359    13352    -23   2871  -3886
23        2        2        4      1    13372    13346     18   2871  -3886
24        2        3        5      1    13328    13399     14   2872  -3886
25        2        2        4      0    13348    13380    -15   2872  -3886
26        2        3        5      0    13354    13362     29   2872  -3886
27        2        2        4      0    13362    13349    -27   2873  -3886
28        2        3        5      1    13366    13351    -42   2873  -3886
29        3        2        5      0    13380    13325    -23   2872  -3886
30        2        3        5      0    13370    13355      4   2871  -3886
31        2        3        5      1    13348    13389     55   2870  -3886
32        2        2        4      0    13374    13340    -31   2870  -3886
33        2        2        4      1    13356    13371     -2   2871  -3886
34        2        3        5      0    13372    13343     27   2870  -3886
35        3        3        6      0    13324    13395     35   2872  -3886
36        2        2        4      1    13384    13339    -20   2872  -3886
37        3        3        6      0    13363    13362    -23   2872  -3886
38        2        3        5      1    13330    13397     73   2871  -3886
39        2        2        4     -1    13360    13356      8   2872  -3886
40        2        2        4      0    13370    13331    -12   2872  -3886
41        2        2        4      1    13356    13365     13   2871  -3886
42        3        3        6      0    13380    13322    -72   2872  -3886
43        2        2        4     -1    13354    13370     31   2871  -3886
44        2        2        4      1    13355    13361      7   2872  -3886
45        3        3        6     -1    13348    13381     37   2871  -3886
46        2        2        4      0    13366    13325    -29   2871  -3886
47        2        2        4      1    13382    13336    -59   2871  -3886
48        3        3        6     -1    13343    13379     25   2871  -3886
49        2        2        4      0    13366    13325    -24   2871  -3886
50        3        2        5      0    13386    13348     10   2870  -3886
51        2        2        4     -1    13356    13374      3   2871  -3886
52        2        3        5      1    13364    13360     -3   2872  -3886
53        2        2        4      0    13351    13356    -22   2873  -3886
54        3        2        5      1    13354    13363     14   2872  -3886
55        2        3        5     -1    13370    13332    -34   2871  -3886
56        2        2        4      1    13356    13361      7   2871  -3886
57        3        3        6      0    13362    13378     49   2871  -3886
58        2        2        4      0    13366    13357     36   2871  -3886
59        2        3        5      0    13364    13369    -26   2871  -3886
60        2        2        4      1    13334    13387     22   2872  -3886
61        2        3        5      0    13363    13352    -23   2873  -3886
62        2        3        5      1    13354    13349    -21   2874  -3886
63        2        2        4      1    13338    13377     27   2874  -3886
64        2        4        6      1    13370    13336    -18   2875  -3886
65        2        2        4      0    13376    13328      8   2873  -3886
66        2        2        4      1    13362    13371     -2   2872  -3886
67        2        3        5      0    13371    13335    -34   2871  -3886
68        3        2        5      0    13366    13355    -67   2871  -3886
69        2        2        4      0    13362    13362    -44   2870  -3886
70        3        3        6      0    13390    13320     -5   2869  -3886
71        2        2        4     -1    13358    13368    -18   2869  -3886
72        3        2        5      0    13347    13367      7   2870  -3886
73        2        2        4     -1    13312    13396     21   2871  -3886
74        2        2        4      0    13356    13350     12   2872  -3886
75        3        2        5      0    13377    13336    -24   2873  -3886
76        2        3        5      0    13383    13327    -69   2872  -3886
77        3        2        5      0    13354    13358    -11   2873  -3886
78        2        2        4     -1    13363    13342    -14   2873  -3886
79        3        2        5      0    13360    13382     61   2873  -3886
80        3        3        6      0    13367    13358     13   2873  -3886
81        2        2        4     -1    13388    13308    -71   2872  -3886
82        2        2        4      0    13369    13364     18   2871  -3886
83        2        2        4      1    13338    13364     57   2872  -3886
84        2        3        5      0    13366    13350    -65   2874  -3886
85        2        3        5      1    13378    13329    -48   2873  -3886
86        3        2        5      0    13375    13329      1   2872  -3886
87        2        2        4      1    13368    13350    -28   2873  -3886
88        2        3        5     -1    13350    13360    -15   2874  -3886
89        2        2        4      0    13350    13380      4   2873  -3886
90        2        2        4      0    13367    13358    -39   2872  -3886
91        2        2        4      0    13342    13364     12   2871  -3886
92        3        2        5      0    13352    13353      9   2871  -3886
93        2        2        4      0    13353    13356     17   2871  -3886
94        3        2        5      0    13382    13328    -42   2871  -3886
95        2        2        4     -1    13344    13365     18   2871  -3886
96        3        3        6      0    13389    13324    -39   2871  -3886
97        2        2        4     -1    13369    13344    -33   2871  -3886
98        3        2        5     -1    13365    13372      5   2870  -3886
99        3        2        5     -1    13391    13323     -4   2869  -3886
 0        3        2        5      0    13360    13352      8   2867  -3886
 1        2        2        4     -1    13352    13388     31   2868  -3886
 2        3        2        5     -1    13375    13340    -43   2868  -3886
 3        3        2        5      0    13342    13378     24   2868  -3886
 4        2        2        4     -1    13325    13399     50   2869  -3886
 5        3        1        4     -1    13357    13370    -21   2870  -3886
 6        2        2        4     -1    13377    13338    -52   2871  -3886
 7        3        2        5     -1    13353    13364    -19   2872  -3886
 8        3        2        5      0    13383    13341    -75   2872  -3886
 9        2        2        4     -1    13360    13350      2   2872  -3886
10        3        2        5     -1    13369    13332    -19   2873  -3886
11        2        2        4      0    13338    13365     29   2872  -3886
12        3        2        5     -1    13352    13356     61   2872  -3886
13        2        2        4      0    13344    13352     36   2872  -3886
14        2        2        4      1    13348    13374      5   2872  -3886
15        3        3        6      0    13357    13340    -13   2872  -3886
