88       -2        7        5      8    13342    13339     -6   1464  -2102
89       -2        6        4      8    13342    13346    -68   1464  -2106
90       -1        6        5      7    13345    13344     24   1463  -2110
91       -1        6        5      7    13341    13344     60   1463  -2114
92       -1        6        5      7    13339    13336    -12   1464  -2118
93       -1        5        4      6    13344    13336    -21   1464  -2121
94        0        5        5      5    13346    13337    -54   1464  -2123
95        0        5        5      5    13346    13337      0   1463  -2125
96        0        4        4      4    13350    13340    -38   1463  -2127
97        0        5        5      5    13345    13339    -65   1463  -2129
98        0        4        4      4    13344    13341    -10   1462  -2131
99        1        4        5      4    13340    13343    -49   1462  -2133
 0        1        4        5      4    13345    13346    -70   1462  -2135
 1        0        5        5      3    13336    13353     35   1461  -2136
 2        1        4        5      4    13338    13348     18   1462  -2138
 3        0        4        4      3    13341    13347     56   1462  -2139
 4        1        4        5      3    13350    13338    -13   1463  -2140
 5        1        4        5      4    13342    13345    -14   1463  -2142
 6        1        4        5      2    13343    13343     -8   1463  -2143
 7        1        3        4      2    13337    13348      8   1463  -2144
 8        1        3        4      3    13341    13346     39   1463  -2145
 9        2        3        5      1    13347    13347     19   1463  -2145
10        1        4        5      2    13339    13344     37   1463  -2146
11        2        3        5      2    13343    13348     53   1463  -2147
12        1        3        4      2    13339    13349     61   1463  -2148
13        1        4        5      2    13343    13346     64   1463  -2149
14        2        3        5      1    13337    13341     -9   1464  -2149
15        2        3        5      2    13347    13339    -41   1464  -2150
16        2        3        5      1    13343    13339      1   1463  -2150
17        2        3        5      1    13336    13338     -3   1463  -2150
18        1        3        4      1    13344    13340     12   1463  -2150
19        2        2        4      1    13342    13343     -7   1463  -2150
20        2        3        5      0    13341    13347      7   1463  -2150
21        2        3        5      1    13343    13346     23   1463  -2150
22        2        3        5      1    13345    13343     24   1463  -2150
23        2        3        5      1    13338    13343     25   1463  -2150
24        2        2        4      1    13346    13341     37   1463  -2150
25        2        3        5      2    13338    13345     68   1463  -2151
26        1        4        5      1    13342    13334    -34   1464  -2151
27        2        2        4      1    13344    13339      1   1463  -2151
28        2        3        5      1    13334    13345     16   1463  -2151
29        2        4        6      1    13345    13348     12   1463  -2151
30        2        3        5      1    13340    13348     13   1463  -2151
31        2        3        5      2    13333    13348     49   1463  -2152
32        1        3        4      1    13340    13346     67   1463  -2152
33        2        3        5      1    13340    13339    -15   1464  -2152
34        2        2        4      1    13342    13346     -9   1464  -2152
35        1        4        5      2    13347    13346      2   1464  -2153
36        2        3        5      1    13337    13355     52   1464  -2153
37        2        3        5      2    13341    13343      0   1465  -2154
38        1        3        4      1    13348    13343     -6   1465  -2154
39        2        2        4      1    13351    13339    -34   1465  -2154
40        2        3        5      1    13336    13347    -56   1465  -2154
41        2        3        5      0    13342    13343    -50   1465  -2154
42        2        3        5      1    13346    13337    -57   1465  -2154
43        2        2        4      0    13336    13344      7   1464  -2154
44        3        3        6      1    13344    13344     16   1464  -2154
45        2        2        4     -1    13342    13344     22   1464  -2154
46        2        2        4      1    13348    13340     17   1464  -2154
47        3        3        6     -1    13342    13343      9   1464  -2154
48        2        2        4      0    13348    13343     -3   1464  -2154
49        3        2        5      1    13336    13337    -58   1464  -2154
50        2        3        5     -1    13348    13346      6   1463  -2154
51        2        2        4      0    13334    13343     10   1463  -2154
52        3        3        6      1    13346    13345     17   1463  -2154
53        2        2        4     -1    13352    13337      2   1463  -2154
54        3        2        5      0    13340    13344      4   1463  -2154
55        2        3        5      0    13342    13353     32   1463  -2154
56        2        2        4      0    13342    13347     70   1463  -2154
57        2        2        4      0    13340    13336    -12   1464  -2154
58        3        3        6      1    13343    13339    -31   1464  -2154
59        2        2        4     -1    13338    13343      5   1463  -2154
60        2        3        5      1    13340    13344     21   1463  -2154
61        2        2        4      0    13341    13339     19   1463  -2154
62        2        3        5      1    13342    13345     35   1463  -2154
63        2        2        4      1    13341    13349      0   1464  -2154
64        2        3        5      0    13338    13343      1   1464  -2154
65        3        2        5      1    13352    13337    -34   1464  -2154
66        2        3        5     -1    13350    13339    -65   1464  -2154
67        2        2        4      1    13344    13341      7   1463  -2154
68        2        3        5      0    13344    13345     39   1463  -2154
69        3        2        5      1    13344    13345     14   1463  -2154
70        2        3        5     -1    13340    13337     -4   1463  -2154
71        2        2        4      1    13352    13339    -31   1463  -2154
72        3        3        6      0    13340    13343    -18   1463  -2154
73        2        2        4     -1    13336    13348     16   1463  -2154
74        2        3        5      1    13334    13349     57   1463  -2154
75        3        2        5      0    13345    13337     -5   1464  -2154
76        2        3        5      0    13342    13343      4   1464  -2154
77        2        2        4      0    13338    13345      5   1464  -2154
78        2        3        5      1    13344    13341    -10   1464  -2154
79        3        2        5     -1    13336    13349      5   1464  -2154
80        2        2        4      0    13340    13343     27   1464  -2154
81        2        2        4      1    13340    13341     27   1464  -2154
82        3        2        5     -1    13344    13334     19   1464  -2154
83        2        3        5      0    13340    13333      1   1464  -2154
84        2        2        4      1    13336    13337    -12   1464  -2154
85        2        3        5      0    13338    13343    -23   1464  -2154
86        3        2        5      1    13346    13343    -24   1464  -2154
87        2        3        5      0    13336    13339    -38   1464  -2154
88        2        2        4     -1    13344    13341    -38   1464  -2154
89        2        2        4      1    13334    13351     27   1463  -2154
90        2        3        5      0    13334    13347      3   1464  -2154
91        2        2        4      0    13336    13346     53   1464  -2154
92        3        2        5      1    13340    13345      4   1465  -2154
93        2        3        5     -1    13340    13339      3   1465  -2154
94        2        2        4      0    13350    13337    -65   1465  -2154
95        3        3        6      1    13346    13342    -25   1464  -2154
96        2        2        4     -1    13340    13345    -22   1464  -2154
97        2        3        5      1    13338    13339     -4   1464  -2154
98        2        2        4      0    13336    13345     34   1464  -2154
99        2        2        4      1    13344    13343     13   1464  -2154
 0        3        3        6     -1    13342    13331    -44   1464  -2154
 1        2        2        4      0    13350    13341    -62   1464  -2154
 2        3        2        5      0    13340    13343     11   1463  -2154
 3        2        3        5      0    13338    13345     33   1463  -2154
 4        2        2        4      0    13342    13347     58   1463  -2154
 5        2        2        4      0    13340    13341     64   1463  -2154
 6        3        2        5      1    13340    13339      4   1464  -2154
 7        2        3        5     -1    13340    13341     16   1464  -2154
 8        2        2        4      1    13342    13341      3   1464  -2154
 9        2        3        5      0    13354    13333    -71   1464  -2154
10        2        2        4      0    13336    13344      7   1463  -2154
11        3        3        6      1    13348    13342     15   1463  -2154
12        2        2        4      0    13335    13342     30   1463  -2154
13        2        3        5      1    13334    13346     65   1463  -2154
14        2        2        4      0    13338    13331    -17   1464  -2154
15        2        3        5      1    13342    13336    -67   1464  -2154
16        2        2        4      0    13340    13343     15   1463  -2154
17        2        3        5      1    13338    13351     30   1463  -2154
18        2        3        5      0    13340    13349     55   1463  -2154
19        2        2        4      1    13342    13347     53   1463  -2154
20        2        3        5      0    13338    13343     76   1463  -2154
21        2        3        5      1    13340    13341    -13   1464  -2154
22        2        2        4      0    13344    13342    -24   1464  -2154
23        2        3        5      1    13350    13335    -73   1464  -2154
24        2        3        5      1    13344    13337    -32   1463  -2154
25        2        2        4      0    13342    13342    -37   1463  -2154
26        2        3        5      1    13338    13345     -2   1463  -2154
27        2        3        5      1    13332    13358     54   1463  -2154
28        2        3        5      1    13347    13341     61   1463  -2154
29        2        2        4      1    13343    13343     42   1463  -2154
30        2        3        5      0    13338    13341     31   1463  -2154
31        2        3        5      1    13347    13339     -9   1463  -2154
32        2        3        5      2    13347    13329    -61   1463  -2155
33        2        2        4      1    13341    13342      2   1462  -2155
34        2        3        5      1    13338    13355     36   1462  -2155
35        2        3        5      0    13338    13341      1   1463  -2155
36        2        3        5      1    13347    13343    -16   1463  -2155
37        2        3        5      0    13344    13345     13   1463  -2155
38        2        2        4      1    13337    13349     52   1463  -2155
39        2        3        5      1    13335    13345     40   1463  -2155
40        2        2        4      1    13337    13341     70   1463  -2155
41        1        3        4      0    13350    13339     54   1463  -2155
42        3        3        6      1    13340    13337     31   1463  -2155
43        2        2        4     -1    13345    13333     -4   1463  -2155
44        2        3        5      1    13340    13341     -4   1463  -2155
45        2        2        4      0    13340    13347     -1   1463  -2155
46        2        3        5      1    13333    13348     21   1463  -2155
47        2        2        4      0    13340    13340     26   1463  -2155
48        3        3        6      1    13336    13351     31   1463  -2155
49        2        2        4      0    13334    13353     69   1463  -2155
50        2        3        5      1    13349    13323    -21   1464  -2155
51        2        2        4      0    13343    13340    -28   1464  -2155
52        1        3        4      1    13341    13340     -6   1464  -2155
53        2        3        5      1    13336    13339    -14   1464  -2155
54        2        3        5      2    13343    13344    -14   1464  -2156
55        2        3        5      1    13343    13333    -44   1464  -2156
56        2        3        5      1    13343    13341      3   1463  -2156
57        1        3        4      1    13348    13341     -7   1463  -2156
58        2        3        5      1    13342    13343      2   1463  -2156
59        1        3        4      2    13345    13344    -54   1463  -2157
60        2        3        5      1    13347    13343    -71   1463  -2157
61        2        3        5      1    13338    13344     37   1462  -2157
62        2        2        4      1    13341    13349     69   1462  -2157
63        2        3        5      1    13344    13345     -2   1463  -2157
64        1        3        4      1    13339    13341     14   1463  -2157
65        2        3        5      1    13340    13345     23   1463  -2157
66        2        3        5      2    13345    13345     37   1463  -2158
67        1        3        4      1    13337    13349     71   1463  -2158
68        2        3        5      1    13332    13347     24   1464  -2158
69        2        2        4      1    13333    13351     60   1464  -2158
70        2        3        5      0    13337    13339     -5   1465  -2158
71        2        3        5      1    13342    13347      5   1465  -2158
72        2        3        5      2    13341    13339     15   1465  -2159
73        2        2        4     -1    13348    13339      4   1465  -2159
74        2        3        5      1    13344    13330    -50   1465  -2159
75        2        3        5      1    13348    13339    -29   1464  -2159
76        3        2        5      0    13342    13345      5   1463  -2159
77        2        3        5      0    13340    13342    -16   1463  -2159
78        3        2        5      0    13340    13333    -55   1463  -2159
79        2        3        5      0    13342    13343     11   1462  -2159
80        3        2        5      0    13341    13357     60   1462  -2159
81        2        2        4     -1    13334    13344     25   1463  -2159
82        2        2        4      1    13340    13347     67   1463  -2159
83        3        3        6     -1    13350    13342      2   1464  -2159
84        3        2        5      0    13353    13340    -14   1464  -2159
85        2        2        4     -1    13343    13342      4   1464  -2159
86        3        2        5      0    13352    13343    -19   1464  -2159
87        2        2        4     -1    13338    13344    -30   1464  -2159
88        3        2        5     -1    13338    13342    -17   1464  -2159
89        2        2        4      1    13342    13336    -68   1464  -2159
90        3        3        6      0    13344    13341    -15   1463  -2159
91        2        2        4     -1    13342    13335    -11   1463  -2159
92        2        2        4      0    13352    13331    -53   1463  -2159
93        2        2        4      1    13336    13339      5   1462  -2159
94        2        3        5      0    13338    13355     55   1462  -2159
95        3        3        6      1    13350    13337    -15   1463  -2159
96        2        2        4     -1    13340    13341    -31   1463  -2159
97        2        3        5      1    13354    13337    -54   1463  -2159
98        3        2        5      0    13340    13345     13   1462  -2159
99        2        3        5      0    13336    13352      2   1462  -2159
 0        2        2        4      0    13344    13346     13   1462  -2159
 1        2        3        5      1    13338    13341     26   1462  -2159
 2        2        2        4      0    13338    13353     38   1462  -2159
 3        3        3        6      1    13337    13343     56   1462  -2159
 4        2        3        5      1    13346    13343     51   1462  -2159
 5        2        2        4     -1    13346    13345     36   1462  -2159
 6        2        3        5      1    13342    13345     35   1462  -2159
 7        2        3        5      1    13338    13349     78   1462  -2159
 8        2        2        4      0    13342    13339    -11   1463  -2159
 9        2        3        5      2    13339    13343      1   1462  -2160
10        2        2        4     -1    13344    13345     14   1462  -2160
11        2        2        4      1    13338    13347     22   1462  -2160
12        3        3        6      0    13336    13346     41   1462  -2160
13        2        2        4     -1    13340    13346     57   1462  -2160
14        2        2        4      1    13342    13343     59   1462  -2160
15        2        3        5      0    13336    13345     74   1462  -2160
16        2        3        5      1    13341    13339     -7   1463  -2160
17        2        2        4      0    13350    13338    -53   1463  -2160
18        2        3        5      1    13340    13344      5   1462  -2160
19        2        2        4      2    13343    13341      4   1462  -2161
20        2        3        5     -1    13344    13343     -2   1462  -2161
21        2        3        5      1    13343    13345     11   1462  -2161
22        2        2        4      0    13338    13349     40   1462  -2161
23        3        3        6      0    13340    13347     64   1462  -2161
24        2        2        4      0    13350    13339    -15   1463  -2161
25        3        2        5      1    13342    13337    -40   1463  -2161
26        2        3        5     -1    13346    13343    -49   1463  -2161
27        2        2        4      0    13342    13337    -75   1463  -2161
28        3        2        5     -1    13344    13341    -12   1462  -2161
29        2        2        4      0    13346    13349      8   1462  -2161
30        3        2        5     -1    13341    13344     18   1462  -2161
31        3        2        5      0    13338    13346     32   1462  -2161
32        2        2        4     -1    13338    13344     63   1462  -2161
33        3        2        5     -1    13356    13342     42   1462  -2161
34        3        2        5     -1    13344    13340     29   1462  -2161
35        3        2        5      0    13342    13346     42   1462  -2161
36        3        2        5     -1    13338    13343     57   1462  -2161
37        2        2        4     -1    13345    13346     37   1462  -2161
38        3        2        5      0    13336    13351     51   1462  -2161
39        2        2        4     -1    13340    13344     51   1462  -2161
40        3        2        5     -1    13340    13340     -9   1463  -2161
41        3        2        5      0    13343    13342    -43   1463  -2161
