20       -2        6        4      7    13366    13297    -49   1447  -3313
21       -1        6        5      8    13340    13311    -46   1446  -3317
22       -1        7        6      7    13355    13305    -32   1445  -3321
23       -1        5        4      6    13327    13339     32   1445  -3324
24        0        6        6      7    13341    13336    -24   1445  -3328
25        0        5        5      5    13362    13306    -14   1443  -3330
26       -1        5        4      6    13327    13346     33   1443  -3333
27        1        5        6      5    13342    13325    -14   1443  -3335
28        0        6        6      4    13333    13333     11   1442  -3337
29        1        4        5      4    13322    13362     64   1442  -3339
30        1        4        5      3    13349    13320      5   1443  -3340
31        1        4        5      2    13319    13350    -10   1444  -3341
32        1        4        5      3    13343    13331     18   1444  -3342
33        1        4        5      3    13328    13338     24   1444  -3343
34        1        4        5      3    13339    13346    -16   1444  -3344
35        2        3        5      1    13340    13343    -21   1443  -3344
36        1        4        5      3    13350    13324    -53   1443  -3345
37        2        4        6      3    13349    13317    -51   1442  -3346
38        1        4        5      2    13316    13364     -9   1442  -3347
39        2        3        5      2    13366    13310    -57   1442  -3348
40        2        4        6      2    13340    13309    -49   1441  -3349
41        1        4        5      2    13342    13327     27   1440  -3350
42        2        3        5      1    13338    13359     51   1441  -3350
43        2        4        6      2    13334    13345      9   1442  -3351
44        2        3        5      1    13346    13341     -6   1442  -3351
45        2        3        5      1    13338    13337     13   1443  -3351
46        2        4        6      2    13338    13336    -37   1444  -3352
47        2        3        5      1    13335    13341     11   1443  -3352
48        1        3        4      2    13319    13350     34   1443  -3353
49        2        3        5      2    13339    13318    -16   1444  -3354
50        2        4        6      1    13357    13318    -72   1443  -3354
51        2        3        5      1    13332    13342     19   1442  -3354
52        2        3        5      2    13348    13332     -2   1443  -3355
53        2        3        5      1    13334    13355     -3   1444  -3355
54        3        3        6      1    13332    13344     38   1444  -3355
55        2        3        5      0    13336    13343     16   1445  -3355
56        2        4        6      1    13360    13316     -4   1445  -3355
57        2        3        5      1    13342    13338     43   1445  -3355
58        2        3        5      1    13344    13316    -23   1445  -3355
59        3        3        6      2    13342    13330     -6   1443  -3356
60        2        4        6      1    13332    13340     -3   1444  -3356
61        1        3        4      1    13321    13346     69   1444  -3356
62        2        4        6      2    13326    13342     27   1445  -3357
63        2        3        5      1    13373    13307    -31   1445  -3357
64        2        4        6      2    13356    13326     -3   1444  -3358
65        2        3        5      1    13344    13326    -31   1444  -3358
66        2        4        6      2    13361    13315    -23   1443  -3359
67        2        3        5      1    13346    13337    -46   1443  -3359
68        2        3        5      1    13333    13342     -6   1442  -3359
69        2        3        5      2    13313    13353     34   1443  -3360
70        1        4        5      2    13344    13316    -19   1444  -3361
71        2        3        5      1    13347    13330      3   1444  -3361
72        2        3        5      2    13341    13328    -50   1445  -3362
73        2        4        6      1    13352    13306    -50   1445  -3362
74        2        3        5      1    13314    13369     47   1444  -3362
75        2        3        5      1    13344    13324    -66   1445  -3362
76        2        4        6      2    13346    13342      1   1444  -3363
77        3        3        6      1    13346    13326    -21   1444  -3363
78        2        3        5      0    13336    13337    -12   1445  -3363
79        2        2        4      1    13343    13321     34   1445  -3363
80        3        4        7      1    13346    13320    -29   1445  -3363
81        2        2        4      0    13332    13355     42   1445  -3363
82        2        4        6      1    13350    13316    -17   1445  -3363
83        2        3        5      1    13337    13346     -5   1446  -3363
84        3        3        6      1    13362    13292    -14   1446  -3363
85        2        3        5      0    13326    13356     71   1446  -3363
86        2        3        5      1    13354    13310     -5   1446  -3363
87        2        3        5      1    13366    13300     -5   1446  -3363
88        3        3        6      2    13350    13328      4   1445  -3364
89        2        3        5      0    13347    13314    -42   1446  -3364
90        2        3        5      1    13332    13333      4   1445  -3364
91        2        3        5      1    13323    13349     34   1445  -3364
92        2        3        5      0    13344    13323    -13   1446  -3364
93        3        3        6      1    13330    13355     25   1447  -3364
94        2        3        5      0    13343    13308    -41   1448  -3364
95        3        2        5      1    13360    13304    -10   1447  -3364
96        2        3        5     -1    13330    13351    -43   1446  -3364
97        3        3        6      0    13340    13344    -11   1446  -3364
98        3        3        6      1    13350    13341    -59   1446  -3364
99        2        2        4      0    13322    13351     37   1444  -3364
 0        3        3        6      0    13356    13320    -33   1444  -3364
 1        2        3        5      0    13332    13337    -15   1445  -3364
 2        3        3        6      1    13330    13324    -46   1446  -3364
 3        2        3        5      0    13331    13338    -35   1446  -3364
 4        2        2        4      0    13321    13355     30   1447  -3364
 5        2        3        5      2    13338    13332      3   1448  -3365
 6        2        4        6      1    13365    13308    -59   1448  -3365
 7        2        3        5      1    13358    13318    -25   1447  -3365
 8        2        3        5      1    13345    13339    -41   1447  -3365
 9        2        3        5      2    13343    13330    -54   1446  -3366
10        2        4        6      1    13360    13314    -28   1445  -3366
11        3        3        6      1    13354    13306    -24   1445  -3366
12        2        3        5      0    13326    13347     46   1445  -3366
13        2        3        5      1    13334    13338     31   1445  -3366
14        3        3        6      0    13332    13349     -7   1445  -3366
15        2        3        5      1    13346    13339     14   1444  -3366
16        3        3        6      1    13331    13329    -39   1444  -3366
17        2        3        5      0    13308    13373      2   1445  -3366
18        2        3        5      1    13324    13359     55   1446  -3366
19        2        3        5      1    13328    13343    -30   1446  -3366
20        3        3        6      1    13336    13331     53   1446  -3366
21        2        3        5      1    13330    13351     23   1445  -3366
22        2        4        6      1    13348    13320     -3   1444  -3366
23        2        3        5      2    13340    13334     17   1445  -3367
24        2        4        6      1    13335    13336    -43   1445  -3367
25        2        3        5      1    13362    13315    -28   1444  -3367
26        2        3        5      1    13366    13316      5   1444  -3367
27        2        4        6      2    13342    13322    -15   1444  -3368
28        2        3        5      1    13333    13354     33   1444  -3368
29        2        4        6      2    13358    13321    -33   1445  -3369
30        1        3        4      2    13331    13345    -25   1445  -3370
31        2        4        6      2    13335    13340      5   1445  -3371
32        2        3        5      2    13341    13316      0   1446  -3372
33        2        3        5      1    13342    13322     28   1446  -3372
34        2        4        6      1    13332    13336      2   1446  -3372
35        2        3        5      1    13324    13359     29   1446  -3372
36        2        3        5      1    13334    13345     16   1446  -3372
37        3        3        6      1    13352    13318    -57   1446  -3372
38        2        3        5      0    13349    13318    -43   1446  -3372
39        3        2        5      1    13352    13324    -36   1446  -3372
40        2        3        5     -1    13338    13345     -2   1447  -3372
41        3        3        6      0    13335    13333    -42   1447  -3372
42        3        2        5      0    13345    13337     24   1447  -3372
43        2        3        5      0    13318    13357     18   1447  -3372
44        3        3        6      0    13356    13318     -4   1447  -3372
45        3        2        5      0    13339    13336    -35   1447  -3372
46        3        3        6      0    13335    13353      4   1447  -3372
47        3        2        5     -1    13335    13325     27   1447  -3372
48        3        2        5      0    13345    13327     36   1447  -3372
49        3        2        5     -1    13325    13360     46   1446  -3372
50        3        2        5     -2    13329    13356    -10   1447  -3371
51        3        3        6     -1    13328    13341    -32   1448  -3371
52        3        2        5     -1    13351    13346      8   1447  -3371
53        3        2        5     -1    13339    13333     66   1447  -3371
54        3        2        5     -1    13335    13324    -18   1447  -3371
55        4        2        6      0    13347    13321    -36   1447  -3371
56        3        3        6     -2    13347    13313    -45   1446  -3370
57        3        2        5      0    13339    13339    -22   1446  -3370
58        3        3        6     -1    13360    13317    -46   1447  -3370
59        3        2        5     -1    13335    13329    -49   1447  -3370
60        3        2        5     -1    13343    13305     24   1446  -3370
61        3        2        5     -1    13351    13300    -26   1448  -3370
62        4        2        6     -1    13334    13332     46   1448  -3370
63        3        2        5     -1    13357    13303    -73   1449  -3370
64        3        2        5     -1    13369    13297     -3   1447  -3370
65        3        2        5     -1    13349    13317     18   1446  -3370
66        3        3        6     -1    13337    13344     17   1446  -3370
67        3        2        5     -1    13311    13364     -1   1447  -3370
68        3        2        5     -1    13341    13327    -41   1447  -3370
69        4        2        6     -2    13345    13328     -8   1446  -3369
70        3        2        5     -1    13324    13360     36   1446  -3369
71        3        2        5     -1    13333    13354     53   1446  -3369
72        3        2        5     -1    13355    13311    -22   1447  -3369
73        3        2        5     -1    13343    13331    -52   1447  -3369
74        4        2        6     -1    13354    13324     10   1446  -3369
75        2        2        4      0    13349    13329     -3   1447  -3369
76        3        3        6     -1    13345    13305     18   1447  -3369
77        3        2        5     -1    13346    13335    -25   1448  -3369
78        3        2        5     -1    13330    13364     -1   1449  -3369
79        3        2        5     -1    13349    13307    -14   1447  -3369
80        3        2        5     -1    13335    13346     42   1447  -3369
81        3        2        5     -1    13351    13315    -27   1447  -3369
82        4        2        6     -2    13322    13354      2   1445  -3368
83        3        2        5     -1    13315    13367     42   1446  -3368
84        3        2        5     -1    13345    13333     32   1446  -3368
85        4        2        6     -1    13335    13334     19   1447  -3368
86        3        2        5     -2    13325    13354     60   1447  -3367
87        3        2        5      0    13335    13347      1   1447  -3367
88        3        3        6     -1    13337    13337    -10   1447  -3367
89        3        2        5      0    13357    13323    -39   1447  -3367
90        3        2        5     -1    13343    13337    -16   1447  -3367
91        3        2        5     -1    13341    13333    -43   1446  -3367
92        3        3        6      0    13329    13343     15   1446  -3367
93        2        2        4     -1    13327    13349     12   1446  -3367
94        3        2        5      0    13347    13331     20   1446  -3367
