62     -246      250        4    496    13346    13361     61   2886
63     -245      251        6    496    13374    13333      9   2886
64     -246      250        4    496    13362    13339     38   2885
65     -246      250        4    496    13335    13375     33   2885
66     -246      251        5    497    13324    13404     67   2885
67     -245      250        5    495    13351    13365      0   2885
68     -246      251        5    497    13332    13381     28   2886
69     -246      250        4    496    13336    13389     52   2886
70     -245      251        6    496    13359    13379     59   2886
71     -246      251        5    496    13338    13363     -5   2887
72     -246      250        4    497    13346    13379     36   2885
73     -245      251        6    496    13384    13327    -49   2885
74     -246      250        4    496    13341    13385    -27   2884
75     -246      250        4    496    13371    13334    -46   2884
76     -245      251        6    496    13350    13361     -2   2883
77     -246      250        4    496    13363    13359    -35   2883
78     -245      250        5    495    13343    13385      4   2883
79     -245      251        6    496    13329    13415     51   2885
80     -245      251        6    496    13357    13389     24   2886
81     -246      250        4    496    13348    13383     29   2887
82     -245      250        5    495    13341    13392     24   2886
83     -246      250        4    496    13359    13376      7   2885
84     -245      251        6    497    13360    13347      2   2884
85     -246      250        4    495    13337    13391    -11   2885
86     -245      251        6    496    13325    13387     33   2885
87     -246      250        4    496    13368    13364    -18   2885
88     -245      250        5    495    13348    13365     43   2884
89     -246      250        4    496    13335    13411     65   2884
90     -245      251        6    496    13353    13376     19   2884
91     -245      250        5    495    13339    13383     59   2885
92     -245      251        6    497    13312    13393     12   2888
93     -246      250        4    495    13366    13330    -22   2888
94     -246      250        4    496    13356    13341    -40   2888
95     -246      250        4    496    13363    13347      4   2885
96     -245      250        5    495    13315    13415     56   2885
97     -245      251        6    496    13369    13338     -5   2886
98     -245      250        5    495    13343    13377     -8   2886
99     -246      250        4    496    13355    13359    -56   2885
 0     -245      250        5    495    13353    13394     34   2884
 1     -246      251        5    497    13335    13412     67   2885
 2     -245      250        5    495    13369    13361      1   2885
 3     -246      251        5    497    13374    13343    -70   2885
 4     -245      250        5    495    13362    13343     32   2885
 5     -245      251        6    496    13363    13371     33   2885
 6     -246      251        5    497    13331    13412     60   2886
 7     -245      250        5    496    13336    13385     22   2887
 8     -246      251        5    496    13350    13383     -5   2887
 9     -246      251        5    497    13356    13353      6   2888
10     -245      250        5    495    13377    13350     11   2887
11     -246      250        4    496    13352    13379     -8   2887
12     -245      251        6    496    13350    13375     38   2886
13     -246      250        4    496    13342    13377     -7   2887
14     -245      251        6    496    13346    13361     57   2887
15     -246      250        4    496    13332    13395      3   2888
16     -245      250        5    495    13371    13354     23   2887
17     -246      251        5    497    13365    13351     -2   2886
18     -245      250        5    495    13339    13392     57   2885
19     -245      250        5    495    13358    13367     60   2886
20     -246      250        4    496    13363    13359     -8   2886
21     -245      251        6    496    13338    13377    -15   2886
22     -246      250        4    496    13348    13362     24   2886
23     -245      250        5    495    13355    13378     34   2885
24     -246      250        4    496    13351    13360    -34   2885
25     -245      251        6    496    13321    13409      0   2886
26     -245      250        5    495    13377    13337    -35   2887
27     -245      251        6    496    13335    13385     14   2888
28     -246      251        5    497    13350    13361     -8   2889
29     -245      250        5    495    13328    13407     43   2889
30     -245      251        6    496    13337    13413     62   2890
31     -246      250        4    496    13362    13337    -72   2890
32     -246      251        5    497    13358    13347    -19   2889
33     -245      250        5    496    13378    13326    -57   2889
34     -246      250        4    495    13360    13359     31   2887
35     -246      251        5    497    13366    13365    -12   2887
36     -245      251        6    496    13336    13383     11   2888
37     -246      250        4    496    13372    13339     -9   2887
38     -245      251        6    496    13335    13397    -10   2889
39     -246      250        4    496    13356    13373    -18   2889
40     -246      251        5    497    13358    13351      6   2889
41     -245      251        6    496    13369    13345    -39   2890
42     -246      250        4    496    13340    13383     47   2888
43     -246      251        5    497    13371    13336    -32   2888
44     -245      250        5    495    13334    13393     33   2887
45     -246      250        4    496    13348    13377      9   2888
46     -245      251        6    496    13366    13347     29   2888
47     -246      250        4    496    13347    13361     12   2887
48     -246      250        4    496    13357    13362      3   2887
49     -245      251        6    496    13314    13392     22   2887
50     -246      251        5    497    13316    13409     24   2887
51     -246      250        4    496    13378    13345    -57   2887
52     -245      251        6    496    13325    13421     69   2886
53     -245      250        5    495    13354    13359    -18   2888
54     -246      251        5    497    13330    13413     75   2888
55     -245      250        5    495    13340    13373     57   2889
56     -246      251        5    497    13322    13399      1   2891
57     -245      250        5    495    13364    13353     52   2891
58     -246      251        5    497    13338    13387     33   2891
59     -246      251        5    497    13340    13371     41   2891
60     -246      251        5    497    13366    13352    -39   2892
61     -246      251        5    497    13348    13345     23   2892
62     -246      250        4    496    13330    13395     12   2893
63     -246      251        5    497    13360    13368     15   2891
64     -245      251        6    497    13366    13349     20   2891
65     -246      250        4    495    13334    13389    -17   2891
66     -246      251        5    497    13338    13373     35   2890
67     -246      250        4    496    13354    13349      6   2890
68     -246      251        5    497    13339    13398     60   2890
69     -246      251        5    497    13371    13316    -49   2891
70     -246      251        5    497    13344    13385    -14   2891
71     -246      251        5    497    13382    13325    -10   2889
72     -246      251        5    497    13340    13388      9   2889
73     -246      251        5    497    13372    13335     -5   2888
74     -246      251        5    497    13350    13384    -22   2888
75     -246      251        5    497    13322    13420     20   2889
76     -246      250        4    496    13354    13359    -24   2889
77     -246      251        5    497    13333    13412     75   2888
78     -246      251        5    497    13336    13385     44   2888
79     -245      252        7    497    13320    13407     10   2891
80     -246      251        5    497    13348    13374      5   2891
81     -247      250        3    497    13338    13394     39   2889
82     -246      251        5    497    13350    13373     57   2889
83     -246      251        5    497    13379    13308    -76   2889
84     -247      251        4    498    13334    13394    -17   2888
85     -246      251        5    497    13332    13381    -18   2888
86     -246      250        4    496    13314    13412      4   2888
87     -246      251        5    497    13336    13380     41   2888
88     -246      251        5    497    13355    13354    -65   2888
89     -246      251        5    497    13312    13424     30   2888
90     -246      252        6    498    13356    13367     18   2889
91     -246      251        5    497    13328    13388     13   2889
92     -246      250        4    496    13360    13370     40   2888
93     -246      251        5    497    13367    13344    -17   2889
94     -246      251        5    497    13354    13355     -6   2889
95     -246      251        5    497    13358    13353    -27   2890
