98      -34       38        4     71    13353    13354     29   2857  -4095
99      -33       37        4     70    13331    13376     46   2857  -4095
 0      -33       38        5     71    13365    13324    -37   2858  -4095
 1      -32       38        6     71    13363    13364    -16   2859  -4095
 2      -34       38        4     71    13326    13392     69   2859  -4095
 3      -33       37        4     70    13354    13340    -37   2860  -4095
 4      -34       39        5     73    13344    13362     52   2860  -4095
 5      -33       38        5     71    13383    13313    -72   2860  -4095
 6      -33       38        5     71    13350    13358     35   2860  -4095
 7      -34       38        4     72    13379    13320    -57   2861  -4095
 8      -33       37        4     71    13364    13344    -48   2860  -4095
 9      -33       38        5     71    13350    13354     -1   2859  -4095
10      -34       38        4     71    13344    13370    -39   2860  -4095
11      -33       38        5     71    13349    13337    -17   2860  -4095
12      -34       38        4     72    13330    13395     10   2860  -4095
13      -33       38        5     71    13366    13329    -33   2862  -4095
14      -34       38        4     73    13354    13349    -42   2861  -4095
15      -33       39        6     71    13372    13352    -53   2861  -4095
16      -34       38        4     72    13340    13374     26   2861  -4095
17      -33       38        5     72    13354    13362    -61   2860  -4095
18      -34       38        4     71    13357    13360     -6   2860  -4095
19      -34       38        4     72    13346    13366    -34   2860  -4095
20      -33       38        5     71    13347    13371     22   2859  -4095
21      -34       38        4     72    13364    13328     17   2858  -4095
22      -33       38        5     71    13363    13338    -18   2859  -4095
23      -34       38        4     72    13343    13390     39   2859  -4095
24      -33       37        4     71    13377    13331     -3   2858  -4095
25      -34       38        4     71    13365    13348     -1   2858  -4095
26      -33       38        5     71    13369    13342    -40   2858  -4095
27      -34       38        4     72    13347    13359     -7   2859  -4095
28      -33       38        5     71    13377    13334    -12   2859  -4095
29      -34       37        3     72    13362    13355     -9   2858  -4095
30      -33       38        5     70    13324    13398     73   2856  -4095
31      -34       38        4     72    13350    13367      3   2857  -4095
32      -33       38        5     71    13356    13355     30   2857  -4095
33      -33       38        5     71    13337    13396     39   2860  -4095
34      -34       37        3     71    13335    13384    -39   2861  -4095
35      -33       38        5     72    13350    13350    -68   2860  -4095
36      -34       38        4     71    13370    13334     -2   2859  -4095
37      -33       38        5     71    13378    13334    -50   2860  -4095
38      -34       38        4     72    13361    13345    -37   2859  -4095
39      -33       38        5     71    13358    13356    -10   2859  -4095
40      -33       38        5     72    13356    13343    -11   2859  -4095
41      -34       37        3     70    13340    13371     39   2858  -4095
42      -34       38        4     72    13364    13350     -9   2857  -4095
43      -34       38        4     72    13356    13347     13   2857  -4095
44      -34       39        5     73    13342    13395     26   2857  -4095
45      -34       38        4     72    13363    13330    -17   2858  -4095
46      -34       39        5     73    13360    13356    -27   2858  -4095
47      -34       38        4     72    13350    13349    -14   2858  -4095
48      -34       38        4     72    13349    13359      9   2857  -4095
49      -34       39        5     73    13328    13379    -13   2859  -4095
50      -34       39        5     73    13359    13349    -21   2859  -4095
51      -34       38        4     72    13356    13363    -26   2859  -4095
52      -34       39        5     73    13370    13333      2   2858  -4095
53      -34       39        5     73    13326    13399      1   2860  -4095
54      -34       39        5     74    13352    13357     -5   2860  -4095
55      -35       38        3     72    13380    13331    -32   2860  -4095
56      -34       39        5     73    13362    13353     -5   2859  -4095
57      -34       38        4     73    13361    13353    -35   2860  -4095
58      -34       39        5     72    13370    13331    -14   2859  -4095
59      -34       39        5     73    13374    13343    -33   2860  -4095
60      -34       39        5     73    13366    13357     -7   2859  -4095
61      -34       39        5     73    13376    13339    -72   2856  -4095
62      -34       38        4     72    13362    13337    -29   2855  -4095
63      -34       38        4     72    13355    13352    -36   2855  -4095
64      -34       39        5     73    13369    13348     23   2856  -4095
65      -34       38        4     73    13363    13339    -58   2856  -4095
66      -35       38        3     72    13373    13350    -15   2855  -4095
67      -34       39        5     73    13352    13383      2   2856  -4095
68      -34       38        4     72    13341    13377     60   2857  -4095
69      -34       39        5     73    13351    13357     23   2858  -4095
70      -34       39        5     73    13318    13403      9   2860  -4095
71      -35       38        3     73    13342    13373     10   2859  -4095
72      -34       39        5     73    13355    13363     51   2859  -4095
73      -34       39        5     73    13379    13313      4   2859  -4095
74      -33       38        5     72    13362    13337     25   2859  -4095
75      -34       38        4     71    13377    13314    -21   2858  -4095
76      -34       38        4     72    13354    13344    -14   2858  -4095
77      -34       38        4     72    13372    13338     -2   2857  -4095
78      -34       38        4     72    13329    13387      9   2858  -4095
79      -33       38        5     71    13372    13340    -46   2858  -4095
80      -34       38        4     72    13347    13368    -28   2857  -4095
81      -34       38        4     72    13344    13370     51   2856  -4095
82      -33       38        5     71    13365    13340     26   2857  -4095
83      -34       38        4     72    13362    13346     27   2857  -4095
84      -34       38        4     71    13321    13389     40   2857  -4095
85      -33       38        5     72    13368    13346    -29   2858  -4095
86      -34       38        4     72    13360    13326     20   2857  -4095
87      -33       38        5     72    13350    13357     24   2856  -4095
88      -34       38        4     71    13370    13353    -33   2858  -4095
89      -33       38        5     71    13347    13348    -59   2858  -4095
90      -34       38        4     72    13353    13365     23   2856  -4095
91      -34       38        4     72    13358    13325     -7   2855  -4095
92      -34       38        4     72    13344    13365    -28   2856  -4095
93      -33       38        5     71    13374    13328    -28   2856  -4095
94      -34       39        5     74    13341    13360     13   2856  -4095
95      -35       38        3     72    13348    13338     -4   2856  -4095
96      -34       39        5     73    13343    13356     -3   2857  -4095
97      -34       39        5     73    13377    13312     -5   2857  -4095
98      -34       38        4     72    13337    13365     37   2856  -4095
99      -34       38        4     73    13354    13361    -12   2857  -4095
 0      -35       39        4     73    13343    13347    -35   2858  -4095
 1      -34       39        5     73    13364    13335    -44   2857  -4095
 2      -34       39        5     73    13350    13369     26   2857  -4095
 3      -34       38        4     72    13374    13343    -24   2858  -4095
 4      -35       39        4     74    13337    13365     36   2858  -4095
 5      -34       39        5     73    13328    13402     74   2858  -4095
 6      -34       39        5     73    13356    13365     36   2858  -4095
 7      -35       38        3     73    13339    13357    -23   2859  -4095
 8      -34       39        5     73    13344    13369     47   2859  -4095
 9      -34       39        5     73    13341    13376     19   2861  -4095
10      -35       39        4     74    13347    13345    -18   2861  -4095
11      -34       39        5     73    13379    13325      5   2860  -4095
12      -35       38        3     73    13338    13385     68   2859  -4095
13      -34       39        5     73    13359    13337    -27   2860  -4095
14      -34       39        5     73    13374    13348      8   2860  -4095
15      -34       38        4     73    13373    13314    -67   2858  -4095
16      -35       39        4     73    13356    13347    -24   2857  -4095
17      -33       38        5     72    13363    13328     24   2858  -4095
18      -35       39        4     73    13364    13331      9   2859  -4095
19      -34       39        5     73    13348    13367     19   2860  -4095
20      -34       38        4     72    13363    13323    -29   2860  -4095
21      -34       39        5     73    13343    13366     -1   2859  -4095
22      -34       38        4     73    13356    13359     42   2859  -4095
23      -34       39        5     72    13350    13336     -8   2860  -4095
24      -34       39        5     73    13362    13353     48   2860  -4095
25      -34       38        4     72    13372    13324    -53   2861  -4095
26      -34       39        5     73    13348    13365    -33   2861  -4095
27      -34       39        5     74    13342    13366    -26   2861  -4095
28      -34       38        4     71    13368    13336    -16   2861  -4095
29      -34       39        5     74    13358    13360    -36   2860  -4095
30      -34       38        4     71    13372    13331    -19   2860  -4095
31      -34       39        5     73    13360    13348      7   2859  -4095
32      -35       38        3     73    13364    13365    -20   2858  -4095
33      -34       39        5     73    13362    13327    -21   2857  -4095
34      -34       38        4     72    13328    13381     -8   2857  -4095
35      -34       39        5     73    13375    13337    -47   2857  -4095
36      -34       38        4     72    13346    13371     14   2857  -4095
37      -35       39        4     74    13358    13347     -4   2857  -4095
38      -34       39        5     73    13361    13361      1   2857  -4095
39      -34       38        4     72    13365    13364    -29   2857  -4095
