59       -3        7        4     10    13333    13328     27   1422  -3823
60       -2        8        6     10    13307    13362     17   1423  -3828
61       -2        7        5      9    13368    13276    -77   1424  -3833
62       -1        7        6      9    13350    13317    -52   1422  -3838
63       -1        7        6      6    13361    13303     -6   1421  -3841
64       -1        6        5      9    13326    13337    -14   1420  -3846
65       -1        6        5      6    13329    13338     -8   1419  -3849
66        0        6        6      6    13329    13336     61   1419  -3852
67        0        6        6      6    13315    13338    -12   1420  -3855
68        0        5        5      6    13327    13346     -8   1419  -3858
69       -1        6        5      5    13320    13352     36   1419  -3860
70        0        6        6      6    13326    13334    -15   1420  -3863
71        0        5        5      5    13331    13330      5   1420  -3865
72        0        5        5      6    13324    13355     57   1420  -3868
73        1        5        6      4    13348    13305     17   1421  -3870
74        1        5        6      4    13322    13353     41   1421  -3872
75        1        5        6      4    13345    13339     24   1421  -3874
76        1        4        5      2    13342    13328     14   1422  -3875
77        1        5        6      4    13347    13327      3   1422  -3877
78        1        4        5      3    13321    13343    -15   1424  -3878
79        2        4        6      3    13349    13318     13   1422  -3879
80        1        4        5      2    13363    13289    -19   1421  -3880
81        2        4        6      2    13346    13307    -72   1421  -3881
82        2        3        5      2    13324    13340    -24   1420  -3882
83        1        4        5      2    13333    13326    -48   1420  -3883
84        2        4        6      2    13338    13332    -19   1420  -3884
85        2        3        5      1    13316    13356     19   1420  -3884
86        2        3        5      2    13297    13376     65   1421  -3885
87        2        4        6      1    13348    13322    -31   1422  -3885
88        2        3        5      1    13340    13326     16   1422  -3885
89        2        4        6      2    13312    13343     27   1422  -3886
90        2        3        5      2    13317    13346     54   1424  -3887
91        2        3        5      1    13321    13337     30   1425  -3887
92        2        3        5      1    13343    13339    -51   1425  -3887
93        2        3        5      2    13327    13354      8   1424  -3888
94        2        3        5     -1    13344    13311    -36   1425  -3888
95        3        3        6      1    13312    13357     32   1424  -3888
96        2        2        4     -1    13334    13324     20   1424  -3888
97        3        3        6      0    13334    13343    -19   1423  -3888
98        3        3        6      0    13365    13287    -37   1421  -3888
99        3        3        6      0    13326    13342    -47   1420  -3888
 0        3        3        6      0    13353    13322     -9   1421  -3888
 1        3        2        5     -1    13345    13326    -16   1422  -3888
 2        3        3        6      0    13321    13330    -39   1422  -3888
 3        3        2        5      0    13325    13361     -5   1422  -3888
 4        3        3        6     -1    13341    13314    -33   1423  -3888
 5        3        3        6      1    13367    13299     -1   1422  -3888
 6        3        3        6     -1    13327    13353      3   1423  -3888
 7        3        2        5      0    13332    13349     51   1423  -3888
 8        3        3        6     -1    13365    13278    -71   1424  -3888
 9        2        3        5      1    13334    13345    -47   1423  -3888
10        3        3        6      0    13325    13325     17   1422  -3888
11        3        2        5      1    13321    13365      6   1422  -3888
12        2        3        5     -1    13324    13345     56   1423  -3888
13        2        3        5      1    13382    13280    -14   1423  -3888
14        3        3        6      0    13355    13304    -36   1422  -3888
15        3        2        5     -1    13328    13364     42   1423  -3888
16        3        3        6      0    13339    13303    -12   1423  -3888
17        3        3        6      0    13351    13297    -42   1422  -3888
18        3        2        5      0    13333    13345    -38   1422  -3888
19        2        3        5      0    13332    13319    -11   1421  -3888
20        3        3        6      0    13333    13349     -2   1422  -3888
21        3        2        5      1    13318    13347    -28   1422  -3888
22        3        3        6     -1    13329    13329      5   1421  -3888
23        2        3        5      0    13324    13357     61   1421  -3888
24        3        2        5      1    13308    13351     68   1422  -3888
25        3        3        6     -1    13332    13326    -45   1423  -3888
26        3        3        6      0    13335    13329      6   1422  -3888
27        2        3        5      0    13338    13306    -50   1422  -3888
28        3        2        5      0    13321    13329    -12   1422  -3888
29        3        3        6      0    13332    13339     66   1422  -3888
30        2        3        5      0    13336    13325    -49   1422  -3888
31        3        2        5      0    13341    13327    -34   1422  -3888
32        3        3        6     -1    13332    13339     15   1421  -3888
33        3        3        6      0    13336    13319    -20   1421  -3888
34        3        3        6      1    13340    13326     43   1420  -3888
35        3        2        5     -1    13341    13333     12   1421  -3888
36        3        2        5     -1    13346    13311    -25   1421  -3888
37        3        2        5     -2    13343    13326    -24   1421  -3887
38        3        3        6      0    13341    13324     22   1421  -3887
39        3        2        5     -1    13349    13312    -14   1420  -3887
40        4        2        6      0    13328    13339    -10   1420  -3887
41        3        3        6     -2    13339    13331    -30   1420  -3886
42        3        2        5     -1    13333    13337    -16   1421  -3886
43        3        3        6      0    13359    13310    -15   1420  -3886
44        3        2        5     -1    13332    13308    -40   1421  -3886
45        3        3        6      0    13334    13326    -68   1421  -3886
46        3        2        5      0    13314    13358     31   1421  -3886
47        2        2        4     -1    13350    13292    -58   1421  -3886
48        3        3        6      0    13330    13329    -42   1420  -3886
49        3        2        5      0    13345    13304    -51   1418  -3886
50        3        3        6     -1    13350    13291    -62   1418  -3886
51        3        3        6      0    13306    13357     23   1418  -3886
52        3        2        5      0    13335    13325    -19   1419  -3886
53        3        3        6     -1    13343    13314     17   1418  -3886
54        3        3        6      0    13329    13347      9   1418  -3886
55        3        2        5     -1    13358    13305      2   1418  -3886
56        4        3        7      0    13328    13353      3   1419  -3886
57        3        2        5     -1    13331    13329    -27   1419  -3886
58        3        2        5     -1    13325    13337    -29   1419  -3886
59        3        3        6     -1    13341    13329    -13   1418  -3886
60        3        2        5     -1    13337    13330    -24   1418  -3886
61        4        3        7      0    13348    13303    -23   1419  -3886
62        2        2        4     -1    13318    13356     31   1420  -3886
63        3        3        6      0    13335    13314      9   1420  -3886
64        3        3        6      1    13331    13355     14   1421  -3886
65        3        2        5     -1    13328    13360     55   1421  -3886
66        3        3        6      0    13334    13321    -49   1422  -3886
67        2        2        4     -1    13350    13311    -26   1421  -3886
68        3        3        6      0    13326    13357    -52   1421  -3886
69        3        2        5     -1    13344    13319    -46   1419  -3886
70        4        3        7      0    13333    13325      4   1418  -3886
71        3        2        5     -1    13319    13346     -1   1419  -3886
72        3        3        6     -1    13336    13325     -2   1419  -3886
73        3        2        5     -1    13331    13347     59   1419  -3886
74        3        3        6      0    13318    13337     35   1420  -3886
75        3        2        5     -1    13328    13347     49   1420  -3886
76        3        3        6      0    13330    13321    -39   1421  -3886
77        3        2        5     -1    13358    13322    -19   1419  -3886
78        3        2        5      0    13336    13325    -45   1419  -3886
79        3        3        6     -1    13355    13323    -41   1418  -3886
80        2        2        4      1    13306    13363     39   1419  -3886
81        3        3        6     -1    13328    13347     17   1420  -3886
82        3        3        6      0    13332    13311    -15   1420  -3886
83        3        3        6      1    13322    13357     -7   1419  -3886
84        2        3        5      0    13349    13304    -44   1419  -3886
85        3        2        5      0    13318    13345      2   1419  -3886
86        3        3        6      1    13361    13294      0   1419  -3886
87        2        3        5     -1    13338    13331    -13   1420  -3886
88        3        3        6      1    13338    13331    -18   1420  -3886
89        3        2        5      0    13312    13349     52   1419  -3886
90        2        3        5     -1    13346    13300    -76   1420  -3886
91        3        3        6      0    13355    13308      1   1419  -3886
92        3        3        6      0    13330    13333    -39   1418  -3886
93        3        2        5      0    13343    13314    -71   1418  -3886
94        3        3        6      0    13332    13337     21   1417  -3886
95        2        3        5      0    13316    13324     19   1417  -3886
96        2        3        5      2    13348    13290    -29   1418  -3887
97        3        3        6      0    13308    13371      2   1418  -3887
98        2        3        5      0    13318    13363     33   1418  -3887
99        2        4        6      2    13364    13285    -70   1416  -3888
 0        3        3        6      0    13328    13342     66   1417  -3888
 1        3        3        6      1    13350    13299     -6   1418  -3888
 2        2        3        5      0    13324    13340     65   1418  -3888
 3        2        3        5      1    13336    13319     36   1418  -3888
 4        3        3        6      0    13338    13324     -3   1418  -3888
 5        3        3        6      1    13354    13303    -47   1418  -3888
 6        2        3        5      0    13347    13307     -8   1417  -3888
 7        3        3        6      0    13333    13326      1   1417  -3888
 8        3        3        6      0    13331    13321    -51   1416  -3888
 9        2        3        5      1    13322    13357     19   1415  -3888
10        3        3        6      0    13339    13327     15   1416  -3888
11        3        3        6      1    13323    13330    -52   1418  -3888
12        3        3        6      0    13358    13290    -59   1417  -3888
13        2        2        4      0    13326    13336     -9   1417  -3888
14      -19       25        6     44    13360    13301    -22   1417  -3913
15      -24       30        6     53    13323    13346     -8   1416  -3944
16      -22       28        6     50    13324    13352     18   1416  -3973
17      -21       26        5     47    13342    13310    -12   1417  -4000
18      -17       23        6     41    13338    13310    -49   1417  -4024
19      -17       22        5     38    13332    13334    -21   1416  -4046
20      -14       20        6     35    13339    13329    -66   1416  -4066
21      -14       19        5     32    13318    13345     20   1415  -4084
22      -12       18        6     32    13337    13311    -34   1414  -4095
23      -13       19        6     31    13339    13323    -23   1414  -4095
24      -13       18        5     30    13329    13330    -28   1415  -4095
25      -12       18        6     32    13343    13305    -20   1415  -4095
26      -13       19        6     30    13331    13333    -20   1416  -4095
27      -12       18        6     31    13331    13348    -42   1416  -4095
28      -13       18        5     30    13344    13315     -6   1415  -4095
29      -12       18        6     30    13333    13325    -55   1415  -4095
30      -13       19        6     32    13307    13372     19   1416  -4095
31      -13       18        5     31    13347    13315     11   1416  -4095
32      -12       18        6     31    13354    13301    -32   1416  -4095
33      -13       19        6     31    13347    13307    -49   1415  -4095
34      -13       18        5     31    13323    13341    -28   1415  -4095
