27       -2        8        6     10    13333    13344     11   1443  -3672
28       -2        7        5      9    13306    13375      6   1443  -3677
29       -1        7        6      9    13360    13292    -43   1442  -3682
30       -2        7        5      8    13339    13319    -55   1442  -3686
31       -1        6        5      7    13330    13345    -46   1442  -3690
32        0        6        6      6    13345    13325    -53   1442  -3693
33       -1        6        5      7    13329    13346      0   1441  -3697
34        0        6        6      6    13352    13321     16   1440  -3700
35        0        5        5      6    13327    13338     38   1441  -3703
36        0        5        5      5    13321    13355      2   1442  -3705
37        0        6        6      5    13347    13318    -35   1442  -3707
38        1        4        5      4    13328    13352     65   1442  -3709
39        0        5        5      4    13357    13292      0   1441  -3711
40        1        5        6      4    13371    13309    -65   1439  -3713
41        1        4        5      3    13334    13323    -27   1439  -3714
42        1        4        5      3    13335    13354    -10   1439  -3715
43        2        5        7      4    13368    13308    -47   1438  -3717
44        1        4        5      2    13335    13327    -53   1438  -3718
45        2        4        6      3    13335    13342      3   1437  -3719
46        1        4        5      2    13345    13337      2   1437  -3720
47        2        4        6      2    13346    13327     16   1437  -3721
48        1        3        4      2    13333    13350    -18   1439  -3722
49        2        4        6      2    13322    13342      3   1438  -3723
50        2        3        5      1    13327    13346     14   1440  -3723
51        2        3        5      2    13341    13336    -24   1440  -3724
52        2        4        6      1    13352    13311    -50   1440  -3724
53        2        3        5      1    13311    13376     65   1440  -3724
54        2        3        5      1    13323    13357     44   1441  -3724
55        2        4        6      2    13334    13356     17   1441  -3725
56        3        3        6      2    13354    13308    -10   1440  -3726
57        2        4        6      0    13327    13337     25   1440  -3726
58        2        3        5      1    13344    13335    -12   1440  -3726
59        3        3        6      2    13356    13305     -6   1438  -3727
60        2        4        6      0    13325    13336     32   1437  -3727
61        2        3        5      1    13346    13336    -20   1437  -3727
62        2        3        5      2    13316    13352     43   1436  -3728
63        3        3        6      1    13330    13348     58   1437  -3728
64        2        4        6      0    13324    13338     34   1439  -3728
65        2        2        4      1    13305    13362      4   1441  -3728
66        2        4        6      1    13343    13326     11   1441  -3728
67        2        3        5      1    13362    13314    -46   1440  -3728
68        2        3        5      2    13348    13319    -15   1439  -3729
69        2        4        6      1    13342    13340    -31   1438  -3729
70        3        3        6      1    13324    13332     21   1438  -3729
71        2        3        5      1    13360    13294    -18   1438  -3729
72        2        4        6      1    13358    13308    -54   1439  -3729
73        2        3        5      1    13338    13314    -59   1438  -3729
74        2        3        5      2    13332    13343     25   1437  -3730
75        3        4        7      1    13340    13328    -29   1438  -3730
76        2        3        5      1    13323    13348     74   1439  -3730
77        2        3        5      1    13353    13314      7   1440  -3730
78        2        4        6      1    13358    13297     -2   1439  -3730
79        2        3        5      1    13328    13350     11   1438  -3730
80        2        3        5      2    13361    13297    -72   1439  -3731
81        2        4        6      1    13311    13352     15   1437  -3731
82        2        4        6      2    13321    13336     14   1437  -3732
83        2        3        5      2    13362    13303      4   1437  -3733
84        2        3        5      1    13335    13339    -16   1438  -3733
85        3        3        6      0    13332    13349     65   1438  -3733
86        2        3        5      1    13331    13325     -2   1440  -3733
87        2        4        6      1    13344    13315    -15   1440  -3733
88        2        3        5      1    13326    13330      0   1439  -3733
89        3        2        5      1    13316    13363     60   1438  -3733
90        2        3        5      0    13322    13354     16   1440  -3733
91        2        3        5      1    13365    13284    -48   1440  -3733
92        2        3        5      1    13344    13314    -39   1440  -3733
93        2        4        6      1    13337    13319    -32   1440  -3733
94        3        3        6      1    13350    13306    -57   1440  -3733
95        2        3        5      0    13353    13307    -77   1439  -3733
96        2        3        5      1    13320    13352     -9   1439  -3733
97        2        3        5      2    13344    13287    -41   1439  -3734
98        2        3        5      1    13342    13306    -73   1440  -3734
99        3        3        6      1    13336    13321    -50   1439  -3734
 0        2        4        6      0    13348    13301    -36   1439  -3734
 1        2        2        4      1    13313    13347    -12   1439  -3734
 2        2        3        5      1    13344    13330     -9   1439  -3734
 3        3        3        6     -1    13340    13343      5   1439  -3734
 4        3        3        6      1    13345    13308    -28   1439  -3734
 5        2        2        4      0    13338    13339    -12   1439  -3734
 6        3        3        6     -1    13345    13335     20   1439  -3734
 7        3        3        6      1    13328    13341    -46   1440  -3734
 8        2        3        5      0    13336    13330    -53   1440  -3734
 9        2        3        5      1    13323    13345     29   1438  -3734
10        3        3        6      1    13340    13330     57   1438  -3734
11        2        3        5      2    13335    13341     -4   1437  -3735
12        2        3        5      1    13301    13379     48   1437  -3735
13        2        4        6      1    13342    13330    -21   1438  -3735
14        2        3        5      1    13340    13336    -57   1437  -3735
15        2        3        5      0    13314    13360     31   1436  -3735
16        2        3        5      1    13330    13332     48   1437  -3735
17        2        4        6      2    13360    13299    -47   1438  -3736
18        3        3        6      1    13352    13314    -77   1438  -3736
19        2        2        4      0    13355    13339    -28   1437  -3736
20        3        3        6     -1    13354    13319    -33   1439  -3736
21        3        3        6      1    13331    13347     -2   1440  -3736
22        3        3        6      0    13338    13347    -35   1440  -3736
23        2        2        4     -1    13336    13329     26   1440  -3736
24        4        3        7      0    13332    13326      7   1440  -3736
25        3        2        5      0    13334    13337    -40   1440  -3736
26        2        3        5     -1    13351    13307    -10   1439  -3736
27        3        2        5     -1    13347    13329     24   1439  -3736
28        3        2        5      0    13349    13326    -42   1440  -3736
29        3        3        6     -1    13330    13336    -32   1440  -3736
30        3        2        5     -1    13348    13326    -23   1440  -3736
31        3        3        6      0    13337    13329      5   1439  -3736
32        3        2        5     -1    13357    13318    -35   1439  -3736
33        4        2        6      0    13315    13347     -2   1439  -3736
34        3        2        5     -2    13341    13327     -5   1439  -3735
35        3        3        6     -1    13323    13347    -14   1439  -3735
36        3        2        5     -1    13331    13343     52   1439  -3735
37        3        2        5     -1    13316    13364     32   1440  -3735
38        3        2        5      0    13343    13313     21   1441  -3735
39        3        2        5     -2    13329    13328     15   1440  -3734
40        4        3        7      0    13359    13295     -9   1439  -3734
41        3        2        5     -2    13363    13297    -77   1439  -3733
42        3        2        5      0    13350    13307      6   1437  -3733
43        3        2        5     -1    13345    13315    -43   1438  -3733
44        3        2        5     -1    13332    13328    -41   1438  -3733
45        4        3        7     -1    13324    13370     35   1438  -3733
46        2        2        4     -1    13326    13338    -15   1438  -3733
47        3        2        5     -1    13332    13349     20   1439  -3733
48        3        2        5     -1    13345    13338      2   1440  -3733
49        3        3        6      0    13351    13321    -42   1439  -3733
50        3        2        5     -1    13312    13386      7   1439  -3733
51        4        2        6     -1    13320    13355     19   1439  -3733
52        3        2        5     -1    13321    13350     42   1439  -3733
53        3        2        5     -1    13331    13348     72   1439  -3733
54        3        3        6     -1    13321    13355     18   1439  -3733
55        4        2        6     -1    13339    13329     -8   1439  -3733
56        3        2        5     -2    13351    13330     25   1439  -3732
57        3        2        5     -1    13345    13338     12   1438  -3732
58        3        2        5     -1    13313    13358     52   1438  -3732
59        4        2        6     -1    13347    13320    -26   1438  -3732
60        3        3        6     -1    13339    13333     10   1438  -3732
61        3        2        5     -1    13324    13340    -15   1440  -3732
62        3        2        5     -1    13340    13338    -44   1440  -3732
63        4        2        6     -1    13321    13348    -17   1439  -3732
64        3        2        5      0    13349    13321    -40   1439  -3732
65        3        2        5     -1    13335    13364     24   1439  -3732
66        3        3        6     -2    13339    13339      0   1439  -3731
67        3        2        5     -1    13346    13328     -7   1439  -3731
68        3        2        5     -1    13357    13336     23   1439  -3731
69        3        2        5      0    13335    13325     35   1439  -3731
70        4        3        7     -1    13347    13320    -41   1439  -3731
71        3        2        5     -2    13370    13313    -48   1439  -3730
72        3        2        5      0    13341    13339     26   1439  -3730
73        3        3        6      0    13344    13305    -62   1439  -3730
74        2        2        4      0    13331    13337      9   1438  -3730
75        3        3        6     -1    13333    13333    -55   1438  -3730
76        4        3        7      0    13350    13319    -39   1437  -3730
77        2        2        4     -1    13347    13313    -23   1437  -3730
78        3        3        6      0    13349    13313    -40   1437  -3730
79        3        3        6      0    13321    13361     54   1437  -3730
80        2        2        4      1    13342    13322     33   1438  -3730
81        3        3        6     -1    13336    13332     20   1439  -3730
82        3        2        5      1    13347    13299    -22   1440  -3730
83        3        3        6     -1    13353    13331    -46   1439  -3730
84        2        2        4      0    13326    13343      3   1438  -3730
85        3        3        6     -1    13330    13337     30   1439  -3730
86        3        2        5      0    13346    13333     17   1439  -3730
87        3        3        6     -1    13335    13323    -30   1440  -3730
88        3        2        5      0    13340    13315    -62   1439  -3730
89        3        3        6     -1    13337    13343      4   1438  -3730
90        2        3        5      1    13330    13337     41   1438  -3730
91        3        3        6      0    13345    13326     16   1439  -3730
92        3        3        6      1    13334    13351      9   1440  -3730
93        2        3        5      0    13351    13295    -78   1441  -3730
94        2        3        5      1    13354    13301    -47   1439  -3730
95        3        3        6      1    13332    13345    -45   1439  -3730
96        2        4        6      1    13352    13322    -44   1438  -3730
97        2        3        5      2    13336    13327    -15   1438  -3731
98        2        3        5      1    13333    13345    -24   1438  -3731
99        2        3        5      0    13330    13329    -48   1438  -3731
 0        2        4        6      2    13364    13282    -47   1436  -3732
 1        3        3        6      0    13343    13328      0   1435  -3732
 2        2        2        4      1    13320    13343     75   1435  -3732
 3        3        3        6     -1    13335    13354     -9   1437  -3732
 4        3        3        6      0    13298    13353     72   1437  -3732
 5        3        2        5     -1    13339    13365     -9   1439  -3732
 6        2        3        5      1    13353    13311     -7   1439  -3732
 7        3        2        5      0    13347    13319    -25   1439  -3732
 8        3        3        6     -1    13339    13336     15   1439  -3732
 9        3        2        5     -1    13314    13347     61   1439  -3732
10        3        3        6      0    13346    13316    -31   1439  -3732
11        3        2        5     -1    13348    13296    -70   1439  -3732
12        3        3        6      0    13365    13292    -69   1438  -3732
13        3        2        5     -1    13357    13317    -26   1437  -3732
14        3        2        5     -1    13323    13362     30   1437  -3732
15        3        3        6      0    13345    13343     27   1437  -3732
16        3        2        5     -1    13306    13374     45   1438  -3732
17        3        3        6      1    13356    13329    -44   1439  -3732
18        2        3        5      0    13357    13325    -34   1439  -3732
19        3        2        5      0    13354    13321    -74   1439  -3732
20        3        3        6     -1    13332    13361     53   1439  -3732
21        3        2        5     -1    13362    13298    -58   1440  -3732
22        3        3        6      0    13339    13312    -33   1439  -3732
23        3        3        6      0    13337    13347     45   1438  -3732
24        3        2        5      0    13324    13358     18   1440  -3732
25        2        3        5      0    13330    13349     27   1439  -3732
26        3        3        6      0    13348    13302    -42   1439  -3732
27        2        3        5      1    13338    13328    -78   1439  -3732
28        3        3        6      1    13340    13328    -23   1438  -3732
29        2        3        5      1    13336    13337     -5   1438  -3732
30        3        4        7      1    13350    13301      1   1437  -3732
31        2        3        5      0    13320    13350     71   1438  -3732
32        2        3        5      1    13329    13333      8   1440  -3732
33        2        3        5      1    13355    13306    -42   1440  -3732
34        2        4        6      2    13352    13309    -68   1440  -3733
35        2        3        5      1    13344    13341     11   1439  -3733
36        3        3        6      2    13334    13320     -6   1439  -3734
37        2        4        6      1    13343    13314    -75   1439  -3734
38        2        3        5      1    13330    13332     57   1438  -3734
39        2        3        5      1    13318    13361      8   1440  -3734
40        2        3        5      1    13335    13322     -6   1441  -3734
41        2        4        6      2    13354    13324      5   1441  -3735
42        2        3        5      1    13321    13353     45   1441  -3735
43        2        3        5      0    13358    13300    -11   1441  -3735
44        2        3        5      1    13360    13312    -43   1440  -3735
45        2        3        5      2    13356    13293     -5   1439  -3736
46        3        4        7      1    13327    13336      9   1439  -3736
47        2        3        5      0    13342    13319    -36   1440  -3736
48        2        3        5      1    13338    13339     59   1439  -3736
49        3        2        5      1    13338    13319    -42   1439  -3736
50        2        3        5      0    13337    13326    -37   1439  -3736
51        3        3        6     -1    13312    13350     47   1439  -3736
52        2        3        5      1    13328    13353     -8   1439  -3736
53        3        3        6      0    13333    13317     11   1439  -3736
54        3        3        6      1    13345    13314     13   1439  -3736
55        2        3        5      0    13318    13371    -10   1439  -3736
56        3        3        6      0    13335    13314     16   1439  -3736
57        2        2        4      1    13324    13341    -32   1439  -3736
58        3        3        6     -1    13336    13339    -17   1439  -3736
59        3        2        5      0    13319    13361     47   1438  -3736
60        3        2        5     -1    13325    13338     -2   1439  -3736
61        3        3        6     -1    13339    13331     40   1439  -3736
62        3        2        5     -1    13342    13337     -2   1440  -3736
63        3        2        5     -1    13302    13366     30   1441  -3736
64        3        3        6      0    13337    13323     -7   1441  -3736
65        3        2        5     -1    13349    13320      9   1440  -3736
66        3        3        6      1    13351    13333    -44   1440  -3736
67        3        2        5     -1    13323    13355     27   1439  -3736
68        3        3        6     -1    13325    13351    -19   1440  -3736
69        3        2        5      0    13341    13317     18   1440  -3736
70        3        3        6     -1    13359    13321     -2   1440  -3736
71        3        2        5      0    13330    13335    -54   1440  -3736
72        3        3        6     -1    13341    13321    -24   1440  -3736
73        3        2        5     -1    13347    13323    -57   1440  -3736
74        3        2        5      0    13336    13321    -24   1439  -3736
