56        2        3        5      0    13350    13335     -6   1465   -604
57        2        3        5      1    13332    13355      1   1466   -604
58        1        2        3      0    13341    13348     22   1466   -604
59        2        3        5      1    13343    13340     55   1466   -604
60        2        3        5      1    13347    13354     -1   1467   -604
61        2        3        5      1    13333    13361      9   1467   -604
62        2        2        4      1    13347    13340     20   1467   -604
63        2        3        5      1    13344    13333     12   1467   -604
64        2        2        4      0    13336    13357     22   1467   -604
65        2        3        5      0    13355    13339    -28   1467   -604
66        2        3        5      1    13353    13348    -74   1467   -604
67        2        2        4      0    13356    13349    -32   1466   -604
68        2        3        5      1    13344    13330    -51   1466   -604
69        2        2        4      2    13358    13349     -6   1465   -605
70        2        3        5      0    13339    13338     -8   1465   -605
71        2        3        5      1    13339    13334    -38   1465   -605
72        2        2        4      1    13333    13336     -4   1465   -605
73        2        3        5      0    13352    13334     -9   1465   -605
74        1        3        4      1    13336    13354     37   1465   -605
75        2        3        5      1    13349    13337    -10   1466   -605
76        1        3        4      2    13324    13350     52   1466   -606
77        2        3        5      1    13343    13326     26   1466   -606
78        2        2        4      1    13339    13324     22   1466   -606
79        3        3        6      0    13337    13336    -20   1466   -606
80        2        2        4      1    13354    13351    -13   1466   -606
81        2        3        5     -1    13346    13343    -25   1466   -606
82        3        2        5      0    13346    13339    -48   1466   -606
83        2        2        4     -1    13346    13350    -45   1466   -606
84        3        2        5     -1    13345    13342    -62   1466   -606
85        2        3        5      0    13343    13354     36   1465   -606
86        3        2        5      1    13346    13356     67   1465   -606
87        3        1        4     -1    13342    13355     16   1466   -606
88        2        2        4     -1    13346    13358     57   1466   -606
89        3        2        5     -1    13354    13352     -5   1467   -606
90        3        2        5      0    13339    13342     16   1467   -606
91        2        3        5     -1    13352    13344     -1   1467   -606
92        2        2        4      0    13336    13337    -18   1467   -606
93        2        3        5      1    13344    13338    -49   1467   -606
94        2        2        4      0    13332    13360     27   1466   -606
95        3        3        6      1    13338    13335     44   1466   -606
96        2        2        4      1    13360    13351     -6   1467   -606
97        2        3        5      0    13336    13355      0   1467   -606
98        2        2        4      0    13356    13337    -33   1467   -606
99        2        3        5      0    13357    13362      5   1466   -606
 0        2        3        5      1    13343    13333      4   1466   -606
 1        2        2        4      0    13354    13351    -22   1466   -606
 2        2        3        5      1    13328    13355     10   1466   -606
 3        2        2        4      1    13334    13355     55   1466   -606
 4        2        3        5      0    13335    13347     61   1466   -606
 5        2        2        4      0    13341    13357     77   1466   -606
 6        3        2        5      1    13333    13350     20   1467   -606
 7        2        3        5     -1    13357    13350     14   1467   -606
 8        2        2        4      0    13346    13350     67   1467   -606
 9        2        3        5      1    13354    13346    -11   1468   -606
10        1        3        4      1    13339    13337     -3   1468   -606
11        2        3        5      2    13334    13332    -14   1468   -607
12        2        2        4      0    13356    13330     -4   1467   -607
13        3        2        5      1    13337    13344     16   1467   -607
14        2        3        5      0    13346    13349     14   1467   -607
15        2        2        4      0    13338    13322    -18   1467   -607
16        2        3        5      0    13348    13335    -58   1467   -607
17        2        2        4      0    13337    13350     16   1466   -607
18        2        3        5      1    13340    13351     39   1466   -607
19        1        3        4      1    13328    13359     60   1466   -607
20        3        2        5      0    13347    13339    -15   1467   -607
21        2        2        4      1    13351    13330    -66   1467   -607
22        3        3        6      0    13358    13330    -23   1466   -607
23        2        2        4      0    13358    13338    -47   1466   -607
24        2        2        4      0    13358    13348    -57   1466   -607
25        2        3        5      0    13340    13354      3   1465   -607
26        2        3        5      1    13342    13354     10   1465   -607
27        2        3        5      1    13344    13339    -16   1465   -607
28        2        3        5      1    13338    13358    -13   1465   -607
29        2        3        5      1    13354    13345    -56   1465   -607
30        2        2        4      1    13351    13342      1   1464   -607
31        2        3        5      1    13335    13335     41   1464   -607
32        2        2        4      0    13338    13332      4   1465   -607
33        2        3        5      1    13339    13366     69   1465   -607
34        1        3        4      2    13346    13365      9   1466   -608
35        2        4        6      0    13325    13323     21   1466   -608
36        2        3        5      2    13332    13355     56   1466   -609
37        1        3        4      2    13344    13342     -9   1467   -610
38        2        2        4      1    13339    13332    -46   1467   -610
39        3        3        6      0    13357    13322    -46   1466   -610
40        2        2        4      1    13332    13326    -66   1466   -610
41        2        3        5      1    13338    13341    -61   1466   -610
42        1        3        4      0    13350    13346    -70   1466   -610
43        2        3        5      1    13341    13352    -26   1466   -610
44        1        3        4      1    13343    13356     11   1466   -610
45        2        3        5      1    13340    13345      9   1466   -610
46        3        2        5      0    13361    13341    -41   1466   -610
47        2        2        4      2    13343    13346    -67   1466   -611
48        2        3        5     -1    13340    13347    -53   1466   -611
49        3        2        5      0    13347    13342    -78   1466   -611
50        2        2        4     -1    13343    13349     13   1465   -611
51        3        2        5      1    13343    13344     -8   1465   -611
52        2        3        5     -1    13357    13336    -61   1465   -611
53        2        3        5      0    13337    13337    -56   1465   -611
54        2        2        4      1    13348    13359    -28   1465   -611
55        3        2        5      1    13345    13349     32   1465   -611
56        2        3        5     -1    13355    13348     -5   1466   -611
57        3        2        5      1    13352    13345     -4   1466   -611
58        2        2        4     -1    13346    13339    -60   1466   -611
59        3        3        6      0    13341    13361     33   1465   -611
60        2        2        4     -1    13347    13350      2   1466   -611
61        2        2        4      0    13336    13343     45   1466   -611
62        2        3        5      1    13335    13350      8   1467   -611
63        3        2        5     -1    13352    13344    -35   1467   -611
64        2        2        4      1    13340    13337      1   1466   -611
65        3        2        5      0    13349    13330    -76   1466   -611
66        3        2        5     -1    13346    13344    -10   1465   -611
67        2        2        4     -1    13348    13334    -24   1465   -611
68        3        3        6     -1    13348    13343    -44   1465   -611
69        2        2        4      0    13345    13352      9   1464   -611
70        2        3        5      0    13347    13341     26   1464   -611
71        3        2        5      0    13349    13337    -15   1465   -611
72        2        2        4      0    13355    13349    -18   1465   -611
73        3        3        6      1    13348    13346    -27   1465   -611
74        2        2        4     -1    13341    13347     -5   1465   -611
75        3        2        5      0    13349    13353     20   1465   -611
76        2        2        4     -1    13332    13367     15   1466   -611
77        3        2        5      0    13334    13353     57   1466   -611
78        2        2        4      0    13343    13344     -5   1467   -611
79        2        3        5      0    13334    13347    -20   1467   -611
80        2        2        4      0    13333    13332     24   1467   -611
81        2        3        5      1    13341    13336     47   1467   -611
82        3        2        5     -1    13358    13349      8   1467   -611
83        3        2        5      1    13355    13320    -49   1467   -611
84        2        2        4     -1    13345    13342    -22   1466   -611
85        3        2        5      0    13340    13346      2   1466   -611
86        2        3        5     -1    13344    13356     23   1466   -611
87        2        3        5      1    13342    13341     61   1466   -611
88        1        3        4      0    13338    13335     10   1467   -611
89        2        2        4      2    13351    13350      6   1467   -612
90        2        3        5      1    13346    13338    -49   1467   -612
91        3        2        5      0    13342    13343     -1   1466   -612
92        2        2        4      0    13341    13341    -32   1466   -612
93        3        3        6      0    13344    13336    -25   1466   -612
94        2        2        4     -1    13340    13357    -20   1466   -612
95        2        2        4      1    13352    13335    -36   1466   -612
96        2        3        5      0    13345    13358    -28   1466   -612
97        2        3        5      1    13342    13350    -35   1466   -612
98        2        3        5      0    13351    13348    -75   1466   -612
99        2        2        4      1    13343    13350     46   1465   -612
 0        2        3        5      1    13346    13343     68   1465   -612
 1        2        2        4      1    13348    13347     -3   1466   -612
 2        2        3        5      0    13340    13337      3   1466   -612
 3        2        2        4      1    13351    13326    -44   1466   -612
 4        2        3        5      0    13333    13336    -40   1466   -612
 5        2        3        5      1    13343    13338    -23   1466   -612
 6        2        2        4     -1    13347    13334    -78   1466   -612
 7        3        2        5      0    13352    13347     -3   1465   -612
 8        2        2        4      0    13353    13337    -35   1465   -612
 9        3        2        5      0    13340    13343    -17   1464   -612
10        4        2        6     -2    13345    13340    -60   1464   -611
11        3        1        4     -1    13349    13352      8   1463   -611
12        3        2        5     -2    13348    13354      4   1463   -610
13        3        2        5     -2    13338    13353     26   1463   -609
14        3        2        5      0    13339    13350     -3   1464   -609
15        2        2        4     -1    13341    13348     16   1464   -609
