 9        3        2        5     -2    13387    13328    -39   2898   -640
10        3        1        4     -1    13362    13356      7   2898   -640
11        4        0        4     -3    13370    13366     -3   2897   -639
12        3        0        3     -3    13347    13390      4   2897   -638
13        3        2        5     -2    13344    13375     11   2897   -637
14        3        1        4     -2    13382    13353     17   2896   -636
15        4        1        5     -2    13359    13375     43   2897   -635
16        2        1        3     -2    13395    13311    -15   2897   -634
17        3        2        5     -1    13368    13365     14   2898   -634
18        4        0        4     -2    13371    13350    -18   2897   -633
19        3        1        4     -4    13393    13325    -64   2895   -631
20        2        2        4      0    13360    13367     31   2894   -631
21        4        1        5     -2    13356    13385     17   2893   -630
22        3        1        4     -3    13365    13366     34   2893   -629
23        3        1        4     -2    13365    13369     17   2895   -628
24        2        2        4      0    13390    13331    -29   2895   -628
25        4        0        4     -2    13362    13360      2   2894   -627
26        3        1        4     -3    13378    13327    -20   2893   -626
27        2        2        4     -1    13354    13385     36   2893   -626
28        3        1        4      0    13386    13341    -34   2895   -626
29        3        2        5     -2    13388    13349    -74   2895   -625
30        2        1        3     -2    13354    13374     14   2894   -624
31        2        2        4      1    13380    13351     -9   2893   -624
32        3        2        5     -2    13386    13348     20   2892   -623
33        3        1        4     -2    13376    13342    -57   2892   -622
34        2        2        4      0    13350    13378      0   2892   -622
35        2        2        4      2    13381    13333    -19   2892   -623
36        3        2        5     -2    13381    13327    -30   2892   -622
37        2        2        4     -1    13343    13397     44   2892   -622
38        1        2        3      1    13360    13380     38   2893   -622
39        3        2        5      0    13385    13339     16   2894   -622
40        2        2        4     -1    13382    13340    -39   2893   -622
41        2        2        4      0    13354    13380    -11   2892   -622
42        2        2        4      0    13371    13345      0   2893   -622
43        3        1        4      0    13331    13405     25   2894   -622
44        2        3        5     -1    13380    13335    -26   2895   -622
45        2        2        4      0    13384    13340     30   2894   -622
46        2        1        3      0    13395    13333    -23   2895   -622
47        3        2        5     -2    13366    13348    -55   2894   -621
48        2        3        5      0    13341    13376     17   2893   -621
49        2        2        4      2    13376    13359    -42   2894   -622
50        2        1        3     -1    13367    13351      4   2894   -622
51        2        2        4     -1    13363    13354     17   2894   -622
52        2        3        5      1    13370    13353     25   2895   -622
53        2        2        4      0    13369    13351    -43   2896   -622
54        3        2        5      0    13392    13326    -36   2895   -622
55        1        2        3      0    13355    13383     11   2895   -622
56        3        2        5      0    13360    13364     16   2895   -622
57        2        1        3     -1    13380    13357    -13   2895   -622
58        2        3        5     -1    13374    13355    -34   2896   -622
59        3        2        5      1    13377    13347    -61   2895   -622
60        2        1        3     -1    13357    13376     11   2894   -622
61        3        2        5     -2    13363    13384    -55   2894   -621
62        1        2        3      1    13384    13333    -24   2893   -621
63        2        2        4      1    13360    13368     44   2893   -621
64        3        2        5     -2    13348    13365     34   2894   -620
65        1        2        3      1    13382    13324    -43   2894   -620
66        2        2        4      0    13355    13369     -1   2893   -620
67        2        2        4      0    13342    13373     16   2893   -620
68        2        2        4      0    13362    13371     51   2894   -620
69        1        3        4      2    13361    13359    -51   2895   -621
70        3        2        5      0    13376    13352      9   2894   -621
71        2        2        4     -1    13360    13381     29   2893   -621
72        1        3        4      2    13353    13387     11   2894   -622
73        2        2        4      0    13366    13345    -50   2895   -622
74        3        2        5      0    13374    13327     -8   2894   -622
75        1        2        3      0    13381    13351    -28   2894   -622
76        2        3        5      1    13340    13403     75   2894   -622
77        2        1        3      0    13357    13388    -29   2895   -622
78        2        3        5      0    13379    13361      8   2895   -622
79        2        2        4      0    13366    13351     13   2895   -622
80        2        2        4      1    13387    13346      5   2893   -622
81        2        2        4     -1    13364    13380     19   2893   -622
82        1        3        4      2    13371    13348      2   2893   -623
83        3        2        5      1    13380    13348    -26   2895   -623
84        2        2        4     -2    13348    13367    -28   2895   -622
85        2        2        4      0    13367    13359     -5   2894   -622
86        1        2        3      2    13346    13401     46   2894   -623
87        3        2        5     -2    13359    13355     21   2895   -622
88        2        2        4      0    13385    13334    -59   2896   -622
89        1        3        4      2    13350    13374     12   2896   -623
90        3        1        4      0    13371    13350    -64   2896   -623
91        2        2        4      0    13360    13360     -5   2895   -623
92        1        3        4      0    13354    13374     15   2895   -623
93        2        2        4      1    13357    13377      8   2894   -623
94        2        2        4     -1    13364    13359    -68   2894   -623
95        1        3        4      0    13362    13365    -12   2894   -623
96        2        2        4      2    13365    13360     15   2894   -624
97        3        2        5      0    13320    13431     79   2895   -624
98        2        1        3      0    13366    13353     -2   2895   -624
99        1        3        4      0    13359    13362     11   2895   -624
 0        3        2        5      0    13395    13329    -60   2895   -624
 1        3        2        5     -2    13375    13355    -36   2894   -623
 2        2        2        4      0    13380    13348    -38   2894   -623
 3        2        2        4      0    13372    13360     15   2892   -623
 4        3        1        4     -1    13362    13362    -20   2892   -623
 5        2        1        3     -2    13373    13347    -18   2890   -622
 6        2        2        4      1    13372    13372    -14   2890   -622
 7        2        1        3     -1    13341    13384     -8   2891   -622
 8        3        2        5     -2    13350    13377      4   2891   -621
 9        1        2        3      1    13384    13342     -5   2891   -621
10        3        2        5      0    13350    13390     52   2890   -621
11        2        1        3     -1    13340    13388     40   2891   -621
12        1        3        4      1    13356    13351      9   2892   -621
13        3        1        4      0    13362    13360     17   2891   -621
14        2        1        3     -1    13376    13346    -14   2892   -621
15        1        3        4     -1    13338    13398     75   2891   -621
16        2        1        3      1    13352    13385     69   2892   -621
17        3        2        5     -1    13375    13336    -27   2894   -621
18        2        2        4     -1    13367    13353    -27   2893   -621
19        2        2        4      1    13379    13357    -56   2893   -621
20        3        2        5     -1    13366    13359     12   2892   -621
21        2        2        4     -1    13377    13317    -23   2891   -621
22        1        2        3      1    13362    13376    -20   2892   -621
23        3        2        5     -1    13354    13388      0   2894   -621
24        2        1        3      0    13334    13399     57   2894   -621
25        2        3        5      0    13343    13378      9   2894   -621
26        3        1        4      0    13381    13341    -21   2893   -621
27        2        2        4     -2    13346    13378     -6   2894   -620
28        2        3        5      0    13378    13341    -29   2892   -620
29        2        2        4      2    13362    13372     19   2893   -621
30        2        2        4      0    13350    13374     29   2893   -621
31        1        3        4      1    13370    13356     12   2892   -621
32        2        3        5      1    13380    13351    -34   2894   -621
33        2        1        3      0    13384    13337    -36   2894   -621
34        1        3        4      1    13344    13388    -26   2892   -621
35        1        3        4      2    13367    13350     -7   2892   -622
36        2        2        4      0    13387    13338    -55   2894   -622
37        2        3        5      1    13362    13359     25   2893   -622
38        2        2        4      0    13400    13308    -28   2893   -622
39        2        2        4      1    13358    13369    -47   2893   -622
40        3        3        6      0    13370    13364    -15   2893   -622
41        1        2        3      0    13361    13372    -32   2891   -622
42        2        2        4      0    13362    13362    -45   2891   -622
43        3        2        5      0    13346    13388     67   2890   -622
44        1        3        4      0    13343    13381      3   2891   -622
45        2        2        4      2    13368    13367     -1   2892   -623
46        3        2        5      0    13390    13329    -73   2893   -623
47        1        3        4      0    13376    13329      1   2892   -623
48        2        2        4      2    13382    13341    -28   2892   -624
49        2        2        4      0    13379    13353    -24   2892   -624
50        1        3        4     -2    13379    13353     -4   2891   -623
51        3        2        5      3    13384    13348      5   2891   -624
52        2        2        4     -1    13361    13367      2   2890   -624
53        2        2        4     -1    13355    13371     42   2891   -624
54        1        3        4      2    13365    13369    -10   2892   -625
55        2        1        3     -1    13384    13335    -43   2891   -625
56        2        2        4      0    13357    13379     13   2889   -625
57        1        3        4      2    13356    13374    -16   2889   -626
58        3        1        4      0    13370    13347     23   2889   -626
59        2        2        4     -2    13342    13398     60   2889   -625
60        1        3        4      2    13356    13370     42   2890   -626
61        3        2        5      0    13353    13367    -17   2891   -626
62        2        2        4      0    13367    13345      3   2889   -626
63        1        2        3      0    13325    13422      5   2891   -626
64        2        2        4      2    13366    13377     42   2892   -627
65        2        3        5      0    13383    13330    -59   2892   -627
66        1        3        4      1    13353    13377     35   2892   -627
67        1        2        3      2    13389    13319    -12   2890   -628
68        2        2        4      0    13380    13366     -5   2890   -628
69        1        3        4      0    13372    13352     23   2890   -628
70        2        3        5      3    13365    13357     53   2891   -629
71        3        2        5     -1    13358    13376    -18   2891   -629
72        1        3        4      1    13387    13325    -50   2893   -629
73        2        3        5      2    13374    13353    -52   2893   -630
74        2        1        3     -1    13368    13373     22   2891   -630
75        1        3        4      1    13348    13377     21   2891   -630
76        2        2        4      1    13381    13367    -19   2891   -630
77        2        2        4      0    13370    13363    -36   2891   -630
78        2        3        5      0    13365    13365    -48   2891   -630
79        1        2        3      1    13349    13387    -18   2890   -630
