73        2        2        4      1    13363    13373    -15   2869  -3978
74        2        3        5      1    13364    13339     18   2868  -3978
75        2        2        4      0    13338    13389     67   2868  -3978
76        2        3        5      0    13342    13375     21   2869  -3978
77        2        3        5      1    13352    13381     40   2869  -3978
78        2        2        4      1    13364    13339    -33   2871  -3978
79        2        3        5      1    13365    13354     27   2871  -3978
80        2        3        5      0    13370    13341    -37   2871  -3978
81        2        3        5      1    13380    13328      1   2868  -3978
82        2        2        4      0    13354    13362      7   2868  -3978
83        3        2        5      1    13357    13381    -18   2868  -3978
84        2        3        5     -1    13355    13359     53   2867  -3978
85        3        2        5      0    13343    13347     52   2868  -3978
86        2        2        4     -1    13371    13355    -48   2869  -3978
87        3        2        5      0    13346    13383     63   2868  -3978
88        2        2        4      0    13394    13301    -10   2869  -3978
89        2        2        4     -1    13386    13326    -62   2868  -3978
90        3        2        5     -1    13367    13338     18   2868  -3978
91        3        2        5      1    13369    13335    -54   2868  -3978
92        2        2        4     -1    13362    13337     20   2866  -3978
93        3        2        5     -1    13368    13332      4   2867  -3978
94        2        2        4     -1    13366    13327    -39   2867  -3978
95        3        2        5      0    13334    13374    -29   2867  -3978
96        2        2        4     -1    13360    13342    -49   2866  -3978
97        2        2        4      0    13366    13346     23   2865  -3978
98        3        2        5     -1    13342    13380     30   2867  -3978
99        3        2        5     -1    13380    13340    -45   2867  -3978
 0        3        2        5     -1    13379    13325    -57   2866  -3978
 1        2        2        4      0    13364    13345    -16   2865  -3978
 2        3        2        5     -1    13366    13338    -55   2866  -3978
 3        3        1        4     -1    13380    13324    -45   2865  -3978
 4        2        2        4     -1    13344    13360     -8   2864  -3978
 5        4        1        5     -2    13372    13352      7   2864  -3977
 6        3        2        5     -2    13345    13368     38   2864  -3976
 7        3        1        4     -2    13369    13366    -41   2865  -3975
 8        3        2        5     -1    13341    13390     58   2864  -3975
 9        3        2        5      0    13362    13368     24   2864  -3975
10        3        2        5     -1    13332    13390      7   2865  -3975
11        2        2        4     -1    13362    13353     19   2865  -3975
12        3        2        5     -1    13336    13377     66   2865  -3975
13        3        1        4      0    13358    13352     20   2865  -3975
14        2        2        4     -2    13350    13354      5   2865  -3974
15        2        2        4      0    13348    13374     -6   2865  -3974
16        3        2        5     -1    13352    13363      2   2865  -3974
17        2        2        4      0    13364    13352      5   2865  -3974
18        3        2        5      0    13359    13351     66   2866  -3974
19        2        2        4     -1    13350    13372     33   2865  -3974
20        3        1        4      0    13371    13352     10   2865  -3974
21        3        2        5     -2    13343    13388      5   2865  -3973
22        2        2        4     -1    13329    13375     74   2865  -3973
23        3        2        5     -1    13374    13328     -2   2866  -3973
24        3        2        5      0    13334    13370    -26   2866  -3973
25        2        2        4     -1    13355    13354    -66   2866  -3973
26        3        1        4     -1    13349    13376      1   2866  -3973
27        3        2        5     -2    13389    13318    -41   2866  -3972
28        3        2        5      0    13383    13341    -56   2866  -3972
29        3        2        5     -2    13384    13310    -56   2865  -3971
30        3        2        5      0    13366    13340    -27   2864  -3971
31        2        2        4     -1    13342    13376     -7   2863  -3971
32        2        2        4      1    13350    13377    -17   2864  -3971
33        3        3        6     -1    13360    13357    -10   2865  -3971
34        2        2        4      0    13368    13368     35   2864  -3971
35        3        2        5      0    13367    13326    -12   2863  -3971
36        2        2        4     -1    13366    13338     55   2863  -3971
37        2        3        5      1    13358    13356    -69   2864  -3971
38        2        2        4      0    13344    13369     54   2863  -3971
39        2        2        4      1    13369    13337    -10   2864  -3971
40        2        3        5      0    13374    13323    -51   2864  -3971
41        3        2        5      1    13362    13357    -18   2863  -3971
42        2        3        5     -1    13330    13383     59   2862  -3971
43        2        2        4      0    13356    13354     28   2863  -3971
44        2        3        5      1    13348    13359      9   2862  -3971
45        2        2        4      0    13360    13345    -18   2861  -3971
46        2        3        5      1    13332    13399     30   2862  -3971
47        3        2        5      1    13370    13339     26   2864  -3971
48        1        3        4      0    13333    13389      8   2865  -3971
49        2        3        5      2    13356    13362     11   2865  -3972
50        2        3        5      0    13332    13381    -17   2865  -3972
51        2        2        4      0    13343    13362    -29   2865  -3972
52        2        2        4      0    13324    13392     53   2864  -3972
53        2        2        4      0    13361    13338     33   2865  -3972
54        3        3        6      0    13366    13352     20   2865  -3972
55        2        2        4      0    13394    13310    -61   2864  -3972
56        3        2        5      0    13379    13348     19   2863  -3972
57        2        2        4     -1    13352    13363     17   2863  -3972
58        2        2        4      0    13348    13353     -1   2863  -3972
59        3        2        5      0    13335    13386     15   2863  -3972
60        2        2        4     -1    13376    13340    -19   2863  -3972
61        2        2        4      0    13360    13364     31   2863  -3972
62        2        3        5      1    13369    13356     51   2863  -3972
63        3        2        5      0    13362    13347    -32   2864  -3972
64        2        2        4     -1    13342    13378     36   2864  -3972
65        2        2        4      1    13366    13356     41   2864  -3972
66        2        3        5      0    13358    13354     37   2865  -3972
67        3        2        5      0    13363    13339    -68   2866  -3972
68        2        2        4      0    13390    13316    -15   2864  -3972
69        2        3        5      0    13349    13357    -50   2864  -3972
70        3        2        5      0    13372    13333    -41   2863  -3972
71        2        2        4      1    13319    13416    -12   2864  -3972
72        2        2        4     -1    13330    13384     16   2865  -3972
73        2        3        5      0    13367    13331    -15   2864  -3972
74        3        1        4     -1    13381    13316     -4   2863  -3972
75        2        2        4     -1    13335    13368    -10   2863  -3972
76        3        2        5     -1    13363    13347    -32   2863  -3972
77        2        2        4      0    13340    13377      5   2864  -3972
78        3        2        5      0    13364    13348    -29   2864  -3972
79        2        2        4      0    13366    13349     24   2864  -3972
80        2        3        5      0    13374    13316    -35   2865  -3972
81        2        2        4      0    13346    13383    -28   2864  -3972
82        3        2        5      0    13346    13359     15   2864  -3972
83        2        2        4     -1    13358    13348      3   2864  -3972
84        2        2        4      0    13356    13354      9   2865  -3972
85        3        2        5      0    13362    13358    -31   2866  -3972
86        2        3        5      0    13371    13343     -3   2865  -3972
87        2        2        4      0    13380    13332    -16   2866  -3972
88        3        2        5     -1    13366    13332     24   2866  -3972
89        2        2        4      0    13381    13310    -49   2866  -3972
90        2        2        4      0    13344    13367    -33   2866  -3972
91        2        2        4      0    13386    13310    -61   2865  -3972
92        3        2        5      1    13362    13362     52   2864  -3972
93        2        3        5     -1    13322    13415      9   2867  -3972
94        2        2        4      0    13360    13359     -1   2867  -3972
95        3        2        5      0    13372    13340    -22   2866  -3972
96        2        2        4     -1    13342    13354    -14   2866  -3972
97        3        2        5      0    13372    13347    -63   2866  -3972
98        2        2        4      0    13377    13329    -45   2865  -3972
99        3        2        5     -2    13370    13334      3   2864  -3971
 0        3        2        5     -1    13359    13368     16   2865  -3971
 1        2        2        4      0    13358    13339      5   2866  -3971
 2        3        2        5     -1    13358    13346    -45   2866  -3971
 3        2        2        4      0    13348    13382    -17   2865  -3971
 4        3        2        5     -1    13367    13346     -7   2865  -3971
 5        2        1        3     -1    13372    13324    -18   2864  -3971
 6        3        2        5      0    13353    13369     10   2863  -3971
 7        3        2        5      0    13359    13340      4   2864  -3971
 8        2        3        5     -1    13369    13343     16   2864  -3971
 9        3        2        5      0    13342    13376     39   2864  -3971
10        2        1        3     -1    13358    13360     23   2864  -3971
11        2        3        5      0    13356    13336     -8   2864  -3971
12        3        2        5      0    13358    13351     11   2864  -3971
13        2        2        4     -1    13374    13344    -17   2865  -3971
14        3        1        4      0    13384    13301    -46   2865  -3971
15        2        2        4     -1    13350    13353    -52   2865  -3971
16        2        2        4     -1    13352    13356     58   2864  -3971
17        3        2        5      0    13364    13328    -23   2865  -3971
18        2        1        3     -1    13360    13349     19   2865  -3971
19        2        3        5      0    13367    13336    -58   2866  -3971
20        3        2        5     -1    13346    13367     34   2865  -3971
21        3        1        4      0    13379    13342    -12   2864  -3971
22        2        2        4     -2    13370    13353    -19   2865  -3970
23        3        2        5     -1    13360    13360    -27   2866  -3970
24        2        1        3      0    13360    13373    -15   2865  -3970
25        3        2        5     -1    13341    13376     42   2865  -3970
26        3        2        5      0    13373    13321      0   2865  -3970
27        2        2        4     -1    13325    13380     42   2866  -3970
28        3        2        5     -2    13333    13394     35   2867  -3969
29        2        2        4      0    13365    13348     21   2867  -3969
30        3        2        5     -1    13369    13338    -38   2867  -3969
31        2        2        4      1    13387    13323    -20   2865  -3969
32        2        2        4      0    13350    13364     -3   2865  -3969
33        3        3        6      0    13354    13351     31   2865  -3969
34        2        3        5      1    13352    13357     -2   2866  -3969
35        2        3        5      0    13365    13345      5   2865  -3969
36        1        2        3      1    13332    13383    -20   2867  -3969
37        2        3        5      1    13365    13364      0   2866  -3969
38        2        3        5      2    13376    13333    -72   2866  -3970
39        1        2        3      1    13379    13337    -16   2864  -3970
40        2        3        5      0    13341    13390     52   2865  -3970
41        2        3        5      1    13350    13367     67   2865  -3970
42        2        3        5      2    13370    13334    -73   2866  -3971
43        2        2        4      1    13375    13314    -14   2865  -3971
44        1        3        4      0    13358    13337    -62   2865  -3971
45        2        2        4      0    13340    13385     52   2865  -3971
46        2        2        4      1    13343    13391     -8   2866  -3971
47        2        3        5      0    13338    13395     30   2867  -3971
48        2        2        4      0    13363    13357    -18   2867  -3971
49        2        2        4      1    13372    13334    -15   2867  -3971
50        1        3        4      1    13379    13329    -41   2866  -3971
51        2        3        5      1    13377    13351     -5   2865  -3971
52        2        2        4      0    13368    13361     -8   2865  -3971
53        2        3        5      1    13366    13340    -11   2864  -3971
54        2        2        4      1    13348    13367    -27   2865  -3971
55        2        3        5      0    13370    13352    -31   2865  -3971
56        2        2        4      1    13360    13341    -33   2865  -3971
57        2        3        5      1    13361    13363    -43   2864  -3971
58        2        2        4      0    13352    13346    -33   2864  -3971
59        1        3        4      1    13342    13375     19   2864  -3971
60        2        3        5      1    13351    13382     19   2865  -3971
61        2        2        4      0    13346    13377    -22   2866  -3971
62        2        3        5      1    13352    13353      4   2866  -3971
63        2        2        4      1    13356    13357    -15   2866  -3971
64        1        3        4      1    13336    13368     44   2866  -3971
65        2        3        5      1    13382    13331    -19   2867  -3971
66        2        2        4      2    13364    13335     18   2866  -3972
67        1        3        4      1    13363    13336     18   2866  -3972
68        2        4        6      1    13378    13306    -35   2868  -3972
69        2        2        4      0    13387    13324    -54   2867  -3972
70        2        3        5      2    13387    13317    -13   2865  -3973
71        2        2        4      0    13360    13358     -2   2864  -3973
72        2        3        5      1    13349    13357     35   2864  -3973
73        2        2        4      0    13350    13378     14   2865  -3973
74        2        2        4      1    13340    13381     40   2865  -3973
75        2        3        5      0    13352    13345      4   2865  -3973
76        1        3        4      1    13368    13349    -54   2866  -3973
77        2        2        4      0    13388    13325    -32   2865  -3973
78        2        3        5      1    13342    13392     43   2866  -3973
79        2        3        5      1    13344    13365     33   2866  -3973
80        2        2        4      1    13343    13386     55   2866  -3973
81        2        3        5      1    13336    13382     55   2866  -3973
82        2        3        5      0    13361    13346    -21   2868  -3973
83        2        2        4      1    13349    13385     47   2868  -3973
84        2        3        5      1    13357    13383     19   2868  -3973
85        1        2        3      0    13384    13317    -20   2868  -3973
86        3        3        6      1    13380    13344    -73   2868  -3973
87        2        2        4     -1    13358    13350    -19   2866  -3973
88        2        2        4      0    13367    13339      0   2867  -3973
89        2        2        4      0    13369    13352     14   2867  -3973
90        3        2        5      0    13376    13342    -73   2867  -3973
91        2        3        5      0    13356    13361     -9   2866  -3973
92        2        2        4      0    13375    13351    -31   2865  -3973
93        3        2        5      0    13378    13352    -40   2865  -3973
94        2        2        4     -1    13365    13376     36   2864  -3973
95        2        2        4      0    13339    13363     16   2865  -3973
96        3        2        5      0    13360    13358     55   2865  -3973
97        2        2        4     -1    13340    13378      5   2867  -3973
98        3        2        5     -1    13371    13345    -16   2867  -3973
99        3        1        4      0    13355    13362    -10   2867  -3973
 0        2        2        4     -2    13357    13338     -8   2867  -3972
 1        3        2        5     -1    13375    13332      0   2866  -3972
 2        3        1        4     -1    13344    13389     38   2865  -3972
 3        3        1        4     -2    13339    13390      1   2865  -3971
 4        2        2        4     -1    13373    13348    -36   2865  -3971
 5        3        1        4     -2    13376    13327    -47   2866  -3970
 6        3        2        5     -1    13365    13344    -13   2865  -3970
 7        3        1        4      0    13353    13355     10   2866  -3970
 8        2        2        4     -2    13350    13349    -31   2867  -3969
 9        3        1        4     -1    13367    13360     -4   2866  -3969
10        3        2        5     -2    13331    13390     19   2867  -3968
11        3        1        4     -2    13363    13361    -21   2866  -3967
12        3        2        5      0    13359    13362      6   2866  -3967
13        2        2        4     -1    13362    13342     26   2866  -3967
14        3        1        4     -2    13379    13344      6   2866  -3966
15        3        2        5     -1    13345    13380     -6   2866  -3966
16        3        2        5     -1    13335    13406     42   2866  -3966
17        2        1        3      0    13360    13356     10   2866  -3966
18        2        3        5      0    13366    13340      6   2866  -3966
19        3        2        5     -1    13359    13340    -17   2866  -3966
20        2        2        4      0    13390    13320    -16   2866  -3966
21        3        2        5      0    13373    13352    -73   2866  -3966
22        2        2        4     -1    13391    13325    -21   2865  -3966
23        3        2        5      0    13345    13376     53   2865  -3966
24        2        2        4     -1    13390    13322     -8   2864  -3966
25        3        2        5      0    13338    13369     46   2863  -3966
26        2        2        4     -1    13359    13359    -50   2863  -3966
27        3        2        5      1    13336    13396     74   2863  -3966
28        2        2        4      0    13366    13343      6   2864  -3966
29        2        3        5     -1    13344    13388     -2   2865  -3966
30        2        2        4      0    13340    13367      4   2865  -3966
31        2        2        4      0    13361    13359     12   2865  -3966
32        3        2        5      1    13330    13411     64   2866  -3966
33        2        3        5     -1    13346    13379     71   2867  -3966
34        2        2        4      0    13384    13313    -64   2868  -3966
35        2        2        4      1    13374    13339     19   2867  -3966
36        3        2        5     -1    13374    13324    -17   2867  -3966
37        2        2        4      0    13370    13361     14   2865  -3966
38        2        3        5      0    13344    13374     40   2865  -3966
39        2        2        4      0    13366    13341      2   2865  -3966
40        3        1        4      0    13400    13303    -64   2864  -3966
41        2        3        5     -1    13340    13401     13   2864  -3966
42        2        2        4      0    13370    13352     -8   2865  -3966
43        2        3        5      1    13360    13357    -46   2865  -3966
44        2        2        4      2    13329    13377     36   2864  -3967
45        1        3        4      0    13339    13367     16   2864  -3967
46        2        3        5      1    13365    13348    -22   2865  -3967
47        2        3        5      1    13365    13336    -47   2866  -3967
48        2        2        4      2    13365    13351      2   2867  -3968
49        1        3        4      0    13357    13367    -12   2868  -3968
50        2        2        4      1    13362    13375    -14   2867  -3968
51        2        3        5      1    13373    13349      3   2866  -3968
52        1        3        4      2    13395    13307     -3   2865  -3969
53        2        3        5      2    13355    13363    -16   2865  -3970
54        1        3        4      2    13343    13369     44   2864  -3971
55        1        3        4      1    13345    13377     51   2865  -3971
56        1        4        5      2    13381    13327    -48   2867  -3972
57        1        3        4      2    13349    13363     -2   2866  -3973
58        2        3        5      1    13337    13397      6   2867  -3973
59        2        2        4      2    13381    13331    -34   2867  -3974
60        1        3        4      1    13368    13348    -17   2868  -3974
61        2        3        5      0    13338    13359     -6   2867  -3974
62        2        3        5      1    13368    13351    -20   2868  -3974
63        1        3        4      2    13344    13363     30   2867  -3975
64        2        2        4      0    13356    13364    -12   2866  -3975
65        2        2        4      0    13338    13368     67   2866  -3975
66        2        2        4      1    13347    13375     15   2868  -3975
67        2        3        5      0    13372    13346    -13   2868  -3975
68        3        2        5     -1    13396    13298      8   2867  -3975
69        2        2        4      1    13381    13317    -53   2866  -3975
70        3        3        6      0    13379    13333    -27   2866  -3975
71        2        2        4     -1    13367    13352    -13   2864  -3975
72        3        2        5      0    13370    13332    -17   2865  -3975
73        2        2        4     -1    13387    13333     13   2865  -3975
74        3        2        5     -1    13346    13370     26   2866  -3975
75        3        1        4      0    13380    13306    -66   2867  -3975
76        3        2        5     -2    13375    13340    -61   2867  -3974
77        2        2        4     -1    13349    13344     10   2866  -3974
78        3        1        4     -1    13357    13360     50   2866  -3974
79        2        2        4     -1    13364    13349     27   2866  -3974
80        3        1        4     -1    13356    13362     -7   2866  -3974
81        2        2        4     -1    13344    13378     18   2865  -3974
82        3        2        5      0    13346    13346     60   2866  -3974
83        2        2        4     -1    13371    13346     -5   2867  -3974
84        3        2        5     -1    13343    13386     42   2867  -3974
85        3        2        5      0    13349    13367     63   2868  -3974
86        2        1        3     -1    13379    13348    -45   2868  -3974
87        3        2        5     -2    13369    13348    -15   2867  -3973
88        3        2        5      0    13362    13352      4   2866  -3973
89        2        2        4     -1    13359    13340    -21   2867  -3973
90        3        2        5     -1    13365    13346    -12   2868  -3973
91        3        1        4      0    13346    13374     20   2867  -3973
92        3        2        5     -1    13366    13328    -40   2868  -3973
93        2        2        4     -2    13378    13324    -10   2866  -3972
94        3        2        5      0    13334    13398     41   2866  -3972
95        2        1        3     -1    13354    13333     20   2866  -3972
96        3        2        5     -1    13364    13346    -43   2867  -3972
97        2        2        4     -1    13369    13342    -21   2867  -3972
98        3        2        5     -1    13391    13310    -55   2867  -3972
99        3        1        4     -1    13349    13374     39   2865  -3972
 0        2        2        4     -1    13349    13369     39   2865  -3972
 1        3        1        4     -2    13361    13364    -54   2865  -3971
 2        3        2        5      0    13352    13375     14   2864  -3971
 3        2        1        3     -2    13324    13397     36   2865  -3970
 4        3        2        5      1    13362    13336      4   2867  -3970
 5        2        2        4     -2    13360    13347     19   2866  -3969
 6        3        2        5     -1    13353    13348    -17   2868  -3969
 7        2        1        3      0    13355    13365    -36   2867  -3969
 8        3        2        5      0    13369    13335    -20   2868  -3969
 9        2        2        4     -2    13378    13314    -28   2867  -3968
10        2        2        4      0    13348    13353      0   2866  -3968
11        3        2        5     -1    13370    13336    -53   2866  -3968
12        3        2        5      0    13362    13368    -40   2865  -3968
13        3        2        5     -1    13384    13331    -23   2864  -3968
14        2        2        4     -1    13355    13356    -22   2863  -3968
15        3        2        5     -1    13367    13345    -52   2863  -3968
16        3        1        4     -1    13346    13365     12   2862  -3968
17        2        1        3     -1    13375    13330    -23   2862  -3968
18        3        2        5     -2    13341    13373      6   2863  -3967
19        3        1        4      0    13366    13364     52   2863  -3967
20        3        3        6     -1    13365    13371    -23   2866  -3967
21        2        1        3     -1    13378    13327    -59   2866  -3967
22        3        2        5     -2    13366    13366    -19   2866  -3966
23        3        2        5     -1    13345    13363     -8   2865  -3966
24        3        2        5      0    13358    13347     16   2866  -3966
25        2        2        4     -1    13339    13375     -1   2866  -3966
26        2        1        3      0    13360    13340      7   2865  -3966
27        3        2        5     -1    13364    13354     67   2865  -3966
28        2        3        5      0    13348    13386      4   2866  -3966
29        3        2        5      0    13362    13356    -16   2867  -3966
30        2        2        4     -1    13382    13326    -50   2867  -3966
31        2        2        4      0    13354    13365     36   2865  -3966
32        3        2        5      0    13342    13376     38   2865  -3966
33        2        2        4      0    13349    13355     20   2866  -3966
34        2        2        4     -1    13330    13402     63   2866  -3966
35        2        2        4      1    13384    13330    -32   2867  -3966
36        2        3        5      0    13364    13353     -8   2868  -3966
37        3        3        6      1    13384    13309    -13   2867  -3966
38        2        2        4      0    13355    13353    -43   2868  -3966
39        1        2        3      1    13362    13370     32   2867  -3966
40        2        3        5      0    13365    13355    -12   2867  -3966
41        2        2        4      0    13358    13345     -6   2866  -3966
42        2        3        5      1    13346    13385     45   2866  -3966
43        2        3        5      2    13377    13310    -62   2867  -3967
44        1        2        3      1    13380    13327    -11   2865  -3967
45        2        3        5      0    13382    13337    -17   2865  -3967
46        2        2        4      0    13356    13369    -20   2864  -3967
47        2        2        4      1    13351    13377     24   2863  -3967
48        2        3        5      0    13365    13346    -49   2865  -3967
49        2        2        4      1    13348    13360     -6   2865  -3967
50        2        3        5      0    13367    13327    -29   2864  -3967
51        2        2        4      1    13363    13363    -22   2865  -3967
52        2        3        5      0    13346    13366     45   2864  -3967
53        2        2        4      0    13342    13389     25   2865  -3967
54        2        3        5      1    13376    13343      6   2865  -3967
55        2        3        5      1    13392    13322      9   2865  -3967
56        2        2        4      0    13362    13369     -1   2864  -3967
57        2        3        5      2    13327    13383     35   2865  -3968
58        2        3        5      1    13380    13333     14   2864  -3968
59        2        2        4      1    13373    13347    -24   2864  -3968
60        1        3        4      0    13371    13342    -33   2864  -3968
61        2        3        5      1    13360    13361      4   2864  -3968
62        2        2        4      0    13349    13355     13   2865  -3968
63        2        3        5      1    13349    13359     18   2866  -3968
64        2        2        4      1    13371    13328     -5   2865  -3968
65        1        3        4      1    13333    13394    -18   2865  -3968
66        2        2        4      1    13384    13337    -50   2864  -3968
67        2        3        5      0    13387    13307    -35   2864  -3968
68        2        3        5      2    13345    13361     25   2864  -3969
69        1        3        4      1    13363    13353     15   2863  -3969
70        2        2        4      2    13369    13345    -16   2862  -3970
71        1        3        4      0    13387    13341    -64   2861  -3970
72        1        3        4      2    13363    13365     30   2861  -3971
73        2        3        5      2    13347    13362    -22   2862  -3972
74        1        3        4      1    13369    13335    -59   2863  -3972
75        2        2        4      2    13351    13351      2   2863  -3973
76        1        3        4      1    13355    13349      4   2864  -3973
77        2        4        6      1    13361    13357     -5   2867  -3973
78        2        2        4      0    13372    13323    -38   2867  -3973
79        1        3        4      2    13374    13343    -20   2866  -3974
80        2        2        4      0    13356    13372    -18   2866  -3974
81        2        3        5      1    13362    13353     23   2865  -3974
82        3        2        5      0    13351    13361     28   2865  -3974
83        2        2        4     -1    13373    13339     -8   2865  -3974
84        3        2        5      0    13364    13363      2   2865  -3974
85        2        2        4     -1    13372    13350      5   2864  -3974
86        2        2        4      0    13364    13363    -14   2864  -3974
87        2        2        4      0    13339    13395     40   2864  -3974
88        2        2        4      0    13350    13361     23   2865  -3974
89        3        2        5      0    13344    13351    -14   2867  -3974
90        2        2        4     -1    13373    13355     -9   2868  -3974
91        3        2        5      0    13364    13352      6   2868  -3974
92        2        2        4     -1    13390    13300    -64   2867  -3974
93        2        2        4      1    13358    13349     -5   2868  -3974
94        3        2        5      0    13350    13347    -16   2868  -3974
95        2        2        4      0    13340    13369     48   2867  -3974
96        2        3        5      0    13373    13358    -27   2866  -3974
97        2        2        4     -1    13380    13327      6   2865  -3974
98        2        2        4      1    13367    13355     20   2863  -3974
99        2        3        5      0    13336    13379     46   2864  -3974
 0        2        2        4      1    13354    13357     70   2865  -3974
 1        2        3        5      0    13327    13387     -2   2867  -3974
 2        2        2        4      1    13378    13333    -76   2867  -3974
 3        2        3        5      0    13360    13349    -40   2866  -3974
 4        3        2        5      0    13351    13371     63   2865  -3974
 5        2        2        4     -1    13374    13335    -50   2866  -3974
 6        2        2        4      0    13346    13381     76   2865  -3974
 7        3        2        5      0    13364    13328    -51   2867  -3974
