21     -155      161        6    316    13338    13401     73   2882
22     -156      161        5    317    13378    13323      7   2883
23     -156      160        4    316    13366    13347    -50   2882
24     -155      161        6    316    13364    13367    -23   2881
25     -156      161        5    316    13351    13385     30   2881
26     -156      160        4    317    13320    13415      8   2881
27     -156      161        5    316    13373    13341     -6   2881
28     -155      161        6    317    13361    13362     23   2880
29     -156      160        4    316    13354    13361     23   2880
30     -156      161        5    316    13346    13375     53   2879
31     -155      160        5    317    13345    13391     39   2879
32     -155      161        6    316    13354    13363     38   2879
33     -156      161        5    316    13360    13339     -7   2879
34     -156      161        5    316    13314    13431     51   2879
35     -155      160        5    317    13342    13393      4   2880
36     -156      161        5    316    13345    13387     40   2881
37     -156      161        5    316    13341    13379      9   2882
38     -155      160        5    317    13364    13355      0   2882
39     -156      161        5    315    13352    13379     13   2881
40     -155      160        5    316    13344    13383     16   2882
41     -156      160        4    316    13360    13374     14   2881
42     -155      161        6    316    13362    13353     47   2880
43     -156      160        4    316    13368    13355     13   2880
44     -155      161        6    316    13330    13416     48   2882
45     -156      160        4    316    13334    13407     20   2884
46     -155      161        6    316    13364    13357      6   2885
47     -156      160        4    317    13352    13369    -12   2885
48     -156      161        5    315    13354    13369      6   2885
49     -155      160        5    317    13358    13368     18   2885
50     -156      161        5    316    13361    13356     25   2883
51     -156      160        4    316    13360    13349    -42   2883
52     -156      161        5    316    13354    13367    -13   2883
53     -155      161        6    317    13330    13416      3   2883
54     -156      160        4    316    13362    13363     45   2882
55     -156      160        4    316    13343    13381      4   2883
56     -155      161        6    316    13362    13341    -68   2883
57     -156      161        5    316    13340    13385     33   2883
58     -156      160        4    317    13362    13350      2   2883
59     -156      161        5    316    13362    13357    -30   2881
60     -155      160        5    317    13340    13393     35   2880
61     -156      161        5    316    13339    13385    -18   2882
62     -155      161        6    317    13362    13359    -61   2882
63     -156      161        5    315    13377    13343    -10   2880
64     -156      161        5    317    13332    13396      6   2881
65     -155      160        5    317    13338    13389     24   2882
66     -156      161        5    317    13372    13337     11   2882
67     -156      161        5    316    13360    13348    -19   2881
68     -156      160        4    316    13377    13325    -37   2880
69     -155      161        6    316    13367    13339    -48   2879
70     -156      161        5    316    13340    13390     64   2880
71     -155      160        5    317    13330    13407     56   2881
72     -156      161        5    315    13393    13327    -60   2880
73     -155      160        5    317    13357    13361     37   2879
74     -156      161        5    316    13364    13353     25   2879
75     -155      161        6    317    13372    13342     -3   2879
76     -156      161        5    315    13344    13391    -15   2879
77     -155      160        5    317    13374    13339    -66   2879
78     -156      161        5    316    13354    13373     38   2877
79     -156      161        5    316    13362    13357     16   2877
80     -155      161        6    317    13339    13391     14   2879
81     -156      160        4    317    13322    13419     46   2880
82     -156      161        5    315    13340    13407      6   2881
83     -155      161        6    317    13369    13359    -24   2881
84     -156      160        4    317    13362    13361    -57   2881
85     -156      161        5    316    13334    13393     65   2880
86     -155      161        6    316    13364    13353      7   2882
87     -156      160        4    317    13336    13383     64   2881
88     -156      161        5    316    13314    13409     64   2881
89     -156      161        5    317    13362    13353    -36   2882
90     -156      160        4    317    13332    13417     34   2881
91     -156      161        5    315    13336    13399     74   2883
92     -156      160        4    317    13350    13375     67   2883
93     -155      161        6    316    13356    13369     56   2883
94     -156      161        5    317    13359    13342    -13   2883
95     -156      160        4    317    13344    13381    -18   2883
96     -156      161        5    317    13360    13359    -18   2884
97     -156      161        5    315    13370    13349    -50   2884
98     -155      161        6    317    13373    13344    -49   2883
99     -156      160        4    317    13341    13387     52   2882
 0     -156      161        5    315    13338    13419     58   2882
 1     -155      161        6    317    13362    13353     13   2883
 2     -156      160        4    316    13349    13387      9   2883
 3     -156      161        5    316    13360    13363     16   2883
 4     -155      160        5    317    13336    13387     53   2882
 5     -156      161        5    316    13350    13391    -14   2882
 6     -156      160        4    316    13372    13337     -6   2881
 7     -155      161        6    316    13351    13365     47   2881
 8     -156      161        5    316    13344    13383     30   2883
 9     -155      160        5    317    13350    13387     13   2884
10     -156      161        5    315    13372    13347     -4   2884
11     -155      160        5    317    13346    13381     30   2883
12     -156      161        5    315    13340    13381     69   2882
13     -156      160        4    317    13360    13356     15   2883
14     -155      161        6    316    13340    13379      4   2883
15     -156      160        4    316    13348    13389     44   2882
16     -156      161        5    316    13381    13325    -55   2883
17     -155      161        6    316    13353    13377     53   2882
18     -155      160        5    317    13355    13355    -40   2883
19     -156      161        5    315    13343    13375     14   2883
20     -156      161        5    317    13339    13395     11   2884
21     -155      160        5    317    13332    13407     12   2886
22     -156      161        5    317    13368    13343     13   2885
23     -156      160        4    315    13370    13338      1   2883
24     -156      161        5    316    13370    13355     13   2881
25     -155      161        6    317    13342    13398     44   2881
26     -156      160        4    316    13349    13389     74   2882
27     -156      161        5    316    13340    13391      8   2883
28     -156      161        5    317    13332    13397     48   2884
29     -156      160        4    317    13354    13377     49   2883
30     -156      161        5    316    13334    13389     21   2882
31     -156      161        5    319    13357    13364    -28   2882
32     -156      161        5    317    13364    13356     -4   2881
33     -156      161        5    317    13344    13377    -25   2881
34     -156      161        5    317    13333    13395     77   2881
35     -156      161        5    316    13336    13389      8   2881
36     -156      161        5    317    13330    13399     54   2881
37     -156      161        5    318    13338    13392      9   2883
38     -156      161        5    317    13355    13357    -37   2883
39     -156      161        5    317    13342    13396      7   2883
40     -157      161        4    316    13356    13367    -19   2883
41     -156      161        5    317    13354    13371     17   2882
42     -156      161        5    317    13352    13359    -10   2882
43     -156      161        5    317    13376    13314    -22   2881
44     -156      161        5    317    13348    13363    -11   2880
45     -156      161        5    317    13348    13357     33   2880
46     -155      161        6    317    13328    13399     19   2882
47     -156      161        5    316    13338    13379      8   2883
48     -156      161        5    317    13344    13389     -2   2884
49     -156      161        5    317    13370    13333      5   2883
50     -156      160        4    317    13341    13391     60   2882
51     -156      161        5    317    13328    13419     15   2884
52     -156      161        5    316    13365    13359     21   2883
53     -156      161        5    317    13380    13335     12   2882
54     -156      161        5    317    13337    13406     10   2882
55     -155      161        6    317    13348    13378     28   2885
56     -156      161        5    317    13342    13395     -1   2887
57     -156      160        4    317    13366    13347    -48   2886
58     -156      161        5    316    13376    13332     -8   2884
59     -156      161        5    317    13350    13381    -25   2883
60     -156      161        5    317    13380    13339    -31   2882
61     -156      160        4    317    13342    13379      6   2882
62     -156      161        5    315    13362    13369     40   2881
63     -156      160        4    317    13349    13378     25   2883
64     -155      161        6    316    13352    13377     12   2883
65     -156      160        4    316    13359    13368     40   2882
66     -156      160        4    316    13342    13395     46   2882
67     -155      161        6    316    13342    13379    -22   2884
68     -156      160        4    317    13344    13389     35   2883
69     -156      161        5    316    13340    13388     61   2883
70     -156      161        5    317    13340    13386     -6   2884
71     -156      161        5    316    13358    13359     -7   2883
72     -155      160        5    317    13358    13353    -40   2883
