51        0        5        5      4    13389    13352    -65   2882  -2115
52        0        3        3      3    13377    13322    -21   2881  -2116
53       -1        4        3      4    13350    13376     21   2881  -2118
54        0        3        3      4    13378    13336    -11   2881  -2120
55        1        4        5      2    13340    13390     19   2882  -2121
56        0        3        3      3    13374    13359    -59   2881  -2122
57        1        3        4      2    13346    13372      0   2882  -2123
58        0        4        4      4    13377    13340    -21   2883  -2125
59        0        2        2      3    13376    13323    -43   2882  -2126
60        1        3        4      2    13374    13349    -43   2882  -2127
61        0        4        4      3    13371    13345     -8   2882  -2128
62        1        2        3      1    13393    13313    -77   2880  -2128
63        0        3        3      3    13356    13360    -34   2879  -2129
64        1        2        3      2    13371    13351    -20   2880  -2130
65        1        3        4      1    13367    13375      8   2880  -2130
66        1        3        4      2    13349    13381     24   2881  -2131
67        1        2        3      2    13335    13387     67   2881  -2132
68        1        3        4      2    13379    13339    -19   2882  -2133
69        1        2        3      1    13369    13349      1   2882  -2133
70        1        3        4      2    13399    13318    -37   2882  -2134
71        1        2        3      0    13383    13338    -47   2881  -2134
72        2        2        4      0    13342    13362     -7   2881  -2134
73        2        2        4      0    13359    13352     -4   2882  -2134
74        2        2        4      1    13385    13328     -3   2881  -2134
75        1        2        3      1    13369    13350    -71   2881  -2134
76        1        2        3      0    13344    13416     70   2881  -2134
77        1        2        3      1    13339    13388     -2   2882  -2134
78        2        2        4      1    13369    13356    -59   2882  -2134
79        1        3        4      1    13385    13333    -49   2881  -2134
80        1        2        3      1    13398    13330    -68   2880  -2134
81        2        3        5      1    13382    13355    -14   2879  -2134
82        1        2        3      1    13373    13356    -42   2879  -2134
83        1        2        3      1    13380    13356    -50   2879  -2134
84        2        2        4      0    13327    13404     38   2881  -2134
85        1        1        2      1    13356    13382     27   2881  -2134
86        2        2        4      0    13379    13332    -20   2882  -2134
87        2        2        4      0    13356    13365     62   2882  -2134
88        1        2        3      1    13378    13337     -8   2881  -2134
89        1        3        4      1    13366    13348      0   2881  -2134
90        1        2        3      1    13345    13364     67   2880  -2134
91        1        3        4      2    13347    13359    -28   2881  -2135
92        1        2        3      1    13374    13358    -14   2880  -2135
93        1        2        3      1    13385    13358    -51   2880  -2135
94        1        2        3      2    13367    13379    -10   2880  -2136
95        1        3        4      1    13384    13347    -52   2882  -2136
96        1        2        3      1    13365    13357      1   2881  -2136
97        1        3        4      2    13368    13359    -18   2881  -2137
98        2        2        4      1    13380    13325    -40   2881  -2137
99        1        2        3      2    13373    13359    -36   2880  -2138
 0        1        2        3      0    13362    13374     32   2879  -2138
 1        2        3        5      1    13319    13423      4   2880  -2138
 2        1        2        3      0    13344    13366     21   2880  -2138
 3        1        2        3      1    13337    13394     71   2881  -2138
 4        2        2        4      1    13383    13332    -56   2883  -2138
 5        1        2        3      2    13367    13351    -38   2883  -2139
 6        1        2        3      0    13383    13332      1   2882  -2139
 7        1        2        3      1    13375    13331    -40   2882  -2139
 8        1        3        4      1    13387    13337    -54   2882  -2139
 9        1        3        4      2    13365    13352     -3   2882  -2140
10        1        2        3      1    13366    13351    -29   2882  -2140
11        1        3        4      2    13358    13354    -29   2882  -2141
12        1        2        3      1    13352    13364     19   2882  -2141
13        1        2        3      1    13370    13347     22   2882  -2141
14        1        2        3      1    13361    13368     35   2882  -2141
15        1        2        3      2    13359    13356     -1   2882  -2142
16        1        3        4      1    13361    13348     50   2882  -2142
17        1        2        3      2    13371    13345    -24   2883  -2143
18        1        3        4      1    13380    13338    -20   2883  -2143
19        1        3        4      2    13353    13379     29   2882  -2144
20        1        2        3      1    13377    13338    -32   2883  -2144
21        1        2        3      2    13393    13325    -46   2881  -2145
22        1        3        4      1    13367    13356    -42   2881  -2145
23        1        2        3      1    13369    13366     38   2881  -2145
24        1        3        4      2    13355    13370     33   2883  -2146
25        2        2        4      1    13339    13392     15   2884  -2146
26        1        2        3      0    13359    13364      1   2884  -2146
27        2        2        4      0    13352    13368    -23   2884  -2146
28        2        2        4      1    13358    13351     18   2882  -2146
29        1        2        3      0    13356    13386      2   2882  -2146
30        2        2        4      0    13364    13375      0   2882  -2146
31        2        1        3     -1    13358    13371    -24   2882  -2146
32        1        2        3      1    13371    13374    -20   2882  -2146
33        1        2        3      1    13354    13362      6   2882  -2146
34        2        3        5      2    13358    13376     -2   2883  -2147
35        1        2        3      0    13390    13327    -17   2882  -2147
36        1        2        3      1    13344    13374    -34   2882  -2147
37        1        2        3      1    13373    13346    -57   2882  -2147
38        2        2        4      1    13362    13358    -27   2882  -2147
39        2        3        5      1    13348    13376     22   2883  -2147
40        1        2        3      0    13373    13349     -9   2882  -2147
41        1        2        3      1    13353    13371     -7   2881  -2147
42        1        2        3      1    13356    13352      8   2882  -2147
43        2        3        5      2    13388    13312    -61   2883  -2148
44        0        2        2      1    13368    13344    -33   2883  -2148
45        2        2        4      1    13357    13363    -18   2882  -2148
46        1        1        2      0    13354    13381    -22   2881  -2148
47        2        3        5      1    13357    13370     36   2881  -2148
48        1        2        3      0    13350    13390     25   2882  -2148
49        1        2        3      1    13373    13343    -47   2883  -2148
50        2        2        4      1    13354    13355      6   2882  -2148
51        1        2        3      1    13381    13326    -64   2881  -2148
52        1        2        3      1    13353    13364     19   2881  -2148
53        1        3        4      2    13380    13341    -63   2882  -2149
54        1        2        3      1    13341    13389     35   2883  -2149
55        1        3        4      2    13363    13339    -29   2885  -2150
56        1        2        3      0    13371    13345    -34   2886  -2150
57        1        2        3      2    13360    13373     44   2885  -2151
58        1        2        3      1    13376    13337    -41   2885  -2151
59        2        3        5      1    13383    13340     -2   2884  -2151
60        1        2        3      1    13329    13395     71   2884  -2151
61        1        3        4      1    13343    13385     36   2883  -2151
62        1        2        3      1    13361    13350      2   2883  -2151
63        1        2        3      1    13345    13383     40   2883  -2151
64        1        2        3      1    13372    13341    -15   2883  -2151
65        1        2        3      2    13339    13376     38   2884  -2152
66        2        2        4      1    13373    13354    -30   2884  -2152
67        1        2        3     -1    13383    13319    -41   2884  -2152
68        1        3        4      2    13353    13369     34   2884  -2153
69        2        2        4      0    13364    13353     18   2883  -2153
70        1        2        3      1    13352    13385      8   2884  -2153
71        2        2        4      0    13335    13392     31   2885  -2153
72        2        2        4      0    13400    13312     -4   2885  -2153
73        2        1        3      0    13354    13390    -35   2884  -2153
74        1        2        3      0    13378    13354    -38   2883  -2153
75        2        2        4      0    13378    13344     -1   2882  -2153
76        2        1        3      1    13362    13345    -10   2882  -2153
77        2        2        4     -1    13377    13345    -68   2883  -2153
78        1        2        3      0    13366    13354     -4   2883  -2153
79        2        0        2     -1    13329    13413     48   2882  -2153
80        2        1        3     -1    13352    13379    -16   2882  -2153
81        2        2        4     -1    13350    13368    -23   2882  -2153
82        2        0        2     -1    13364    13349    -75   2882  -2153
83        3        2        5     -1    13366    13351    -12   2882  -2153
84        2        1        3     -2    13363    13369     -4   2882  -2152
85        2        1        3     -1    13344    13395     33   2884  -2152
86        3        0        3     -3    13371    13368      9   2883  -2151
87        2        1        3     -1    13343    13379     -9   2883  -2151
88        3        1        4     -1    13370    13345     24   2884  -2151
89        1        2        3      0    13352    13388     31   2885  -2151
90        3        2        5      0    13380    13327      7   2885  -2151
91        2        1        3     -1    13382    13342    -39   2884  -2151
92        2        2        4     -1    13376    13363    -33   2883  -2151
93        2        2        4      0    13366    13356     13   2882  -2151
94        2        1        3     -1    13359    13379    -11   2882  -2151
95        2        1        3     -1    13372    13346    -43   2881  -2151
96        2        2        4      0    13376    13330    -56   2881  -2151
97        2        1        3     -1    13348    13395     23   2881  -2151
98        3        2        5      0    13354    13367    -19   2882  -2151
99        2        1        3     -1    13359    13361     45   2882  -2151
 0        2        1        3     -1    13362    13376     27   2884  -2151
 1        2        2        4      0    13352    13387     52   2883  -2151
 2        2        1        3     -1    13369    13351    -17   2883  -2151
 3        2        2        4     -1    13366    13344     17   2882  -2151
 4        2        1        3     -1    13358    13365    -35   2883  -2151
 5        2        1        3      0    13380    13342    -14   2881  -2151
 6        2        2        4     -1    13338    13412      6   2883  -2151
 7        3        1        4     -1    13359    13372     12   2882  -2151
 8        2        1        3     -1    13336    13401     14   2884  -2151
 9        3        2        5     -1    13371    13352    -35   2884  -2151
10        2        0        2     -2    13374    13366     17   2883  -2150
11        2        2        4     -1    13312    13426     36   2884  -2150
12        2        1        3     -1    13372    13344     13   2884  -2150
13        3        1        4      0    13351    13350     -4   2885  -2150
14        2        1        3     -2    13365    13360    -16   2885  -2149
15        2        1        3     -1    13347    13392      1   2884  -2149
16        2        1        3     -1    13378    13345    -27   2884  -2149
17        3        1        4     -3    13356    13360    -15   2884  -2148
18        2        1        3     -1    13355    13392     32   2884  -2148
19        3        1        4     -1    13344    13390     53   2883  -2148
20        2        1        3     -1    13364    13366     16   2884  -2148
21        3        2        5     -1    13358    13379     19   2884  -2148
22        2        1        3     -2    13366    13349     10   2883  -2147
23        3        1        4     -1    13379    13349    -51   2884  -2147
24        2        1        3     -2    13351    13375      0   2885  -2146
25        2        2        4      0    13370    13364      9   2885  -2146
26        2        1        3      0    13346    13366     19   2884  -2146
27        1        1        2      0    13357    13359      7   2884  -2146
28        2        2        4     -1    13371    13344    -37   2884  -2146
29        2        2        4      1    13365    13368      0   2884  -2146
30        1        2        3      0    13370    13354     14   2883  -2146
31        2        1        3      0    13340    13398     62   2883  -2146
32        2        2        4     -1    13330    13415     27   2885  -2146
33        2        1        3      1    13366    13346     22   2884  -2146
34        2        2        4      0    13373    13364      6   2885  -2146
35        1        2        3     -1    13382    13351    -22   2884  -2146
36        2        1        3     -1    13346    13400     55   2885  -2146
37        2        2        4      0    13376    13348     -3   2885  -2146
38        2        1        3     -1    13396    13323    -28   2883  -2146
39        2        1        3      0    13358    13366    -29   2885  -2146
40        2        2        4     -1    13371    13346    -56   2884  -2146
41        2        2        4      0    13340    13392     21   2884  -2146
42        2        1        3     -1    13356    13367     45   2884  -2146
43        2        1        3     -1    13321    13409     45   2885  -2146
44        2        2        4      0    13346    13397     69   2885  -2146
45        3        1        4      0    13386    13339    -50   2886  -2146
46        2        2        4     -1    13380    13334    -31   2885  -2146
47        2        1        3     -2    13362    13376     49   2885  -2145
48        2        2        4      0    13391    13329    -67   2888  -2145
49        2        2        4      0    13376    13350      7   2887  -2145
50        2        1        3      0    13364    13368     -2   2886  -2145
51        2        3        5      0    13388    13338    -18   2886  -2145
52        1        2        3      1    13354    13384     22   2886  -2145
53        2        2        4      0    13368    13366    -42   2887  -2145
54        1        2        3      1    13351    13388     37   2885  -2145
55        2        2        4      1    13347    13403     33   2885  -2145
56        1        2        3      0    13400    13300    -61   2886  -2145
57        2        1        3      0    13382    13344    -25   2885  -2145
58        2        2        4      0    13352    13361     34   2884  -2145
59        1        1        2     -1    13376    13359    -12   2885  -2145
60        2        2        4      0    13384    13346    -21   2884  -2145
61        2        1        3     -1    13340    13405     16   2886  -2145
62        3        2        5      0    13356    13382     31   2885  -2145
63        2        1        3     -1    13364    13354     -2   2885  -2145
64        2        1        3     -1    13367    13349    -17   2884  -2145
65        2        1        3      0    13354    13372     -5   2884  -2145
66        1        2        3     -1    13341    13388     47   2884  -2145
67        2        2        4      0    13384    13350    -35   2886  -2145
68        2        2        4      1    13376    13350    -51   2885  -2145
69        1        1        2      0    13361    13384     34   2883  -2145
70        2        2        4      0    13358    13372    -19   2883  -2145
71        1        2        3      0    13369    13362    -16   2884  -2145
72        2        2        4      1    13351    13377    -20   2884  -2145
73        1        2        3      0    13341    13391     -2   2885  -2145
74        2        1        3     -1    13373    13357    -16   2885  -2145
75        2        2        4      0    13366    13359    -37   2886  -2145
76        2        1        3     -1    13336    13396     17   2887  -2145
77        2        2        4      0    13358    13352     12   2887  -2145
78        1        1        2      1    13357    13354    -41   2887  -2145
79        2        2        4      0    13351    13364    -21   2887  -2145
80        1        3        4      1    13321    13402     73   2887  -2145
81        2        2        4      0    13373    13338    -22   2888  -2145
82        1        2        3      1    13345    13387     28   2887  -2145
83        1        2        3      1    13337    13370     46   2887  -2145
84        2        2        4      1    13377    13350     17   2887  -2145
85        1        2        3      0    13367    13352     43   2887  -2145
86        2        1        3      1    13379    13322      4   2885  -2145
87        2        2        4     -1    13372    13366     13   2885  -2145
88        2        2        4      0    13354    13380     51   2886  -2145
89        2        2        4      0    13392    13330    -26   2886  -2145
90        2        1        3     -1    13378    13326    -49   2885  -2145
91        2        2        4      0    13355    13388    -37   2884  -2145
92        1        1        2     -1    13351    13368     44   2883  -2145
93        2        2        4      1    13362    13366     23   2884  -2145
94        1        2        3      0    13374    13349     22   2884  -2145
95        1        1        2      1    13355    13366    -12   2885  -2145
96        2        2        4      1    13355    13390     56   2885  -2145
97        2        2        4     -1    13349    13378    -27   2886  -2145
98        1        2        3      0    13364    13369     -4   2885  -2145
99        2        2        4      0    13371    13356      6   2886  -2145
 0        1        1        2      1    13378    13342    -55   2886  -2145
 1        2        3        5      0    13341    13365    -28   2886  -2145
 2        2        2        4      0    13374    13346     15   2886  -2145
 3        1        2        3      1    13380    13355    -46   2885  -2145
 4        2        2        4      1    13369    13348    -24   2885  -2145
 5        1        2        3      0    13360    13380     11   2885  -2145
 6        2        2        4      0    13349    13384     27   2887  -2145
 7        1        2        3      1    13388    13356    -62   2887  -2145
 8        2        1        3      0    13378    13348    -13   2885  -2145
 9        1        2        3      1    13355    13382     47   2884  -2145
10        2        2        4      0    13391    13346    -11   2884  -2145
11        1        3        4      1    13380    13358    -73   2884  -2145
12        2        1        3      0    13376    13352    -14   2884  -2145
13        1        3        4      1    13319    13426     61   2886  -2145
14        2        2        4      1    13346    13378     70   2888  -2145
15        1        2        3      0    13365    13359     23   2888  -2145
16        2        2        4      1    13395    13344     -8   2888  -2145
17        1        2        3      0    13384    13366      0   2886  -2145
18        2        2        4      0    13360    13376     22   2886  -2145
19        1        2        3      1    13353    13376     20   2887  -2145
20        2        2        4      0    13373    13346    -32   2889  -2145
21        2        1        3      1    13352    13382      6   2887  -2145
22        1        2        3     -1    13350    13352      5   2887  -2145
23        2        2        4      0    13344    13408     79   2888  -2145
24        2        1        3      1    13375    13367    -58   2888  -2145
25        1        2        3     -1    13372    13353    -40   2887  -2145
26        2        2        4      0    13364    13369    -12   2887  -2145
27        2        1        3      0    13375    13339    -73   2887  -2145
28        1        2        3      0    13349    13382     54   2887  -2145
29        2        1        3      0    13367    13368      1   2888  -2145
30        2        2        4     -1    13383    13344     17   2888  -2145
31        2        2        4      0    13367    13336    -11   2889  -2145
32        2        2        4      1    13363    13364    -19   2888  -2145
33        2        1        3     -1    13368    13360    -11   2889  -2145
34        2        2        4      0    13369    13366    -31   2890  -2145
35        1        2        3      0    13376    13346    -19   2890  -2145
36        2        2        4      0    13354    13396     19   2889  -2145
37        2        1        3     -1    13362    13376     22   2888  -2145
38        2        2        4      1    13369    13346     30   2888  -2145
39        2        1        3      0    13383    13326    -14   2888  -2145
40        2        2        4     -1    13367    13365     13   2888  -2145
41        2        1        3      0    13364    13340    -42   2888  -2145
42        1        2        3     -1    13350    13365     45   2886  -2145
43        2        1        3     -1    13327    13407      2   2888  -2145
44        2        2        4      0    13376    13350    -24   2888  -2145
45        2        2        4      1    13377    13348     -8   2888  -2145
46        2        2        4      0    13377    13338     -7   2887  -2145
47        1        1        2     -1    13368    13356    -28   2886  -2145
48        2        2        4      0    13373    13351      6   2885  -2145
49        2        1        3      0    13349    13368     13   2887  -2145
50        1        2        3      0    13361    13366    -24   2887  -2145
51        3        2        5      0    13340    13381      0   2888  -2145
52        1        2        3      0    13340    13393     -9   2888  -2145
53        2        2        4      1    13375    13368     35   2887  -2145
54        1        2        3      0    13351    13374     28   2887  -2145
55        1        2        3      1    13367    13362      0   2888  -2145
56        1        1        2      1    13336    13390     23   2888  -2145
57        1        3        4      1    13381    13339     -6   2888  -2145
58        2        1        3      0    13366    13357    -24   2887  -2145
59        2        3        5      1    13391    13327    -56   2887  -2145
60        1        2        3      0    13371    13365    -16   2885  -2145
61        2        2        4      0    13369    13356    -55   2885  -2145
62        2        2        4      1    13339    13387     61   2884  -2145
63        1        1        2     -1    13350    13360      4   2885  -2145
64        2        2        4      0    13352    13366     28   2885  -2145
65        2        1        3      0    13362    13372     63   2887  -2145
66        2        2        4     -1    13374    13346    -30   2887  -2145
67        3        1        4     -1    13362    13364    -10   2887  -2145
68        2        1        3     -2    13366    13358      2   2887  -2144
69        2        2        4      0    13366    13362    -51   2887  -2144
70        2        1        3     -1    13394    13338     -6   2885  -2144
71        3        2        5      0    13389    13346    -33   2885  -2144
72        2        1        3     -2    13326    13390     -9   2885  -2143
73        2        1        3     -1    13374    13345     21   2886  -2143
74        2        1        3     -1    13368    13360     42   2886  -2143
75        2        1        3     -1    13366    13343     14   2886  -2143
76        2        1        3      0    13328    13408     44   2886  -2143
77        2        2        4     -1    13342    13392    -14   2887  -2143
78        2        2        4      0    13372    13337     -5   2887  -2143
79        2        1        3      0    13375    13347    -24   2887  -2143
80        2        2        4     -1    13382    13342    -51   2886  -2143
81        2        1        3      0    13358    13362     -9   2885  -2143
82        2        2        4     -1    13371    13358     24   2885  -2143
83        3        2        5      0    13349    13374     12   2887  -2143
84        2        1        3      0    13351    13380     34   2887  -2143
85        2        2        4     -1    13366    13356     16   2888  -2143
86        2        1        3     -2    13344    13370      8   2887  -2142
87        2        2        4      0    13366    13330      7   2886  -2142
88        2        1        3     -1    13372    13347    -54   2885  -2142
89        2        1        3     -1    13345    13369    -25   2884  -2142
90        2        1        3      0    13395    13343    -16   2884  -2142
91        2        2        4      0    13348    13384     49   2884  -2142
92        2        2        4     -1    13378    13353     11   2885  -2142
93        2        2        4      0    13369    13362     42   2885  -2142
94        2        2        4      0    13376    13346     -8   2885  -2142
95        2        2        4      1    13359    13356     61   2885  -2142
96        2        1        3      0    13380    13349     12   2886  -2142
97        2        2        4     -1    13382    13332     -7   2886  -2142
98        1        1        2     -1    13389    13342    -40   2886  -2142
99        3        2        5      0    13324    13420      9   2887  -2142
 0        2        1        3     -1    13334    13395     21   2890  -2142
 1        2        2        4     -1    13389    13315    -64   2890  -2142
 2        2        1        3     -1    13372    13330      7   2888  -2142
 3        2        2        4      0    13361    13350    -65   2888  -2142
 4        2        1        3     -1    13350    13390     34   2887  -2142
 5        1        1        2      1    13345    13386     15   2887  -2142
 6        2        2        4     -1    13373    13350     11   2887  -2142
 7        2        1        3      0    13372    13364      1   2888  -2142
 8        1        2        3      1    13323    13419     -2   2889  -2142
 9        2        2        4     -1    13400    13316    -75   2889  -2142
10        1        2        3      1    13352    13388     34   2888  -2142
11        2        2        4      1    13344    13379    -16   2890  -2142
12        2        2        4      1    13391    13324    -26   2889  -2142
13        1        2        3      0    13374    13361      8   2887  -2142
14        2        2        4      1    13373    13361    -32   2887  -2142
15        1        2        3     -1    13381    13338    -12   2886  -2142
16        2        3        5      1    13376    13360    -20   2887  -2142
17        1        2        3      1    13346    13376      4   2887  -2142
18        2        2        4      1    13341    13399     16   2887  -2142
19        1        2        3      0    13370    13347     -8   2887  -2142
20        1        2        3      1    13356    13397     -3   2887  -2142
21        2        2        4      1    13373    13352    -33   2887  -2142
22        1        2        3      1    13354    13384      7   2888  -2142
23        2        2        4      1    13377    13332    -60   2888  -2142
24        1        2        3     -1    13363    13370      0   2888  -2142
25        1        2        3      1    13343    13384     54   2887  -2142
26        2        2        4      1    13369    13374     55   2889  -2142
27        1        2        3      1    13380    13342    -67   2890  -2142
28        2        2        4      1    13357    13387     24   2888  -2142
29        1        3        4      0    13367    13362      7   2889  -2142
30        2        2        4      1    13359    13384     28   2888  -2142
31        1        2        3      0    13349    13368    -17   2888  -2142
32        1        2        3      1    13361    13356     19   2887  -2142
33        1        2        3      1    13354    13364      1   2887  -2142
34        1        2        3      1    13333    13394     49   2887  -2142
35        1        2        3      1    13341    13369    -13   2888  -2142
36        1        2        3      1    13349    13372    -41   2888  -2142
37        1        2        3      1    13354    13377     12   2887  -2142
38        2        2        4      1    13385    13332    -29   2888  -2142
39        1        2        3      0    13375    13356     -3   2887  -2142
40        2        2        4      1    13373    13352    -26   2888  -2142
41        1        2        3      1    13344    13385      5   2887  -2142
42        2        2        4      1    13353    13389    -16   2887  -2142
43        1        2        3      1    13364    13354    -28   2887  -2142
44        1        3        4      0    13381    13342    -35   2887  -2142
45        2        2        4      1    13342    13384     13   2888  -2142
46        1        2        3      0    13383    13352    -45   2888  -2142
47        2        2        4      1    13387    13354     20   2888  -2142
48        1        2        3      0    13366    13362    -37   2888  -2142
49        1        2        3      1    13343    13398     46   2888  -2142
50        2        2        4      1    13361    13355    -15   2889  -2142
51        1        2        3      0    13371    13375     29   2887  -2142
52        2        1        3      0    13378    13366     44   2887  -2142
53        2        3        5      0    13398    13306    -21   2887  -2142
54        1        1        2      1    13344    13376     25   2886  -2142
55        2        2        4     -1    13368    13362     14   2886  -2142
56        2        2        4      1    13390    13342    -23   2888  -2142
57        1        2        3      0    13368    13361      9   2888  -2142
58        1        3        4      3    13349    13376     52   2889  -2143
59        0        3        3      2    13341    13405     -5   2891  -2144
60        1        2        3      1    13374    13364     18   2890  -2144
61        1        3        4      3    13379    13342    -47   2889  -2145
62        1        2        3      0    13365    13371    -28   2888  -2145
63        1        3        4      2    13335    13383     -3   2889  -2146
64        1        2        3      1    13373    13358     20   2890  -2146
65        1        3        4      2    13364    13345    -30   2892  -2147
66        2        2        4      1    13349    13370     25   2890  -2147
67        1        2        3      0    13386    13328    -11   2889  -2147
68        1        2        3      1    13384    13353    -33   2889  -2147
69        2        2        4      0    13370    13374     28   2887  -2147
70        1        2        3      1    13364    13364     44   2887  -2147
71        2        2        4      0    13370    13355    -61   2888  -2147
72        2        2        4      0    13370    13359    -41   2888  -2147
73        2        1        3      1    13377    13348     -6   2887  -2147
74        2        2        4      0    13367    13361    -56   2887  -2147
75        1        2        3     -1    13322    13410     56   2888  -2147
76        2        2        4      0    13382    13340    -44   2890  -2147
77        2        2        4      0    13370    13350     -2   2888  -2147
78        2        2        4      0    13366    13391      1   2888  -2147
79        2        2        4      1    13351    13382     25   2888  -2147
80        1        2        3      0    13343    13371     -4   2891  -2147
81        2        2        4      0    13378    13325    -14   2890  -2147
82        2        2        4      1    13350    13368    -30   2890  -2147
83        1        2        3      0    13381    13346    -59   2890  -2147
84        2        2        4      0    13376    13338     31   2889  -2147
85        1        2        3      1    13368    13358     -6   2890  -2147
86        3        2        5      0    13347    13381     20   2892  -2147
87        1        2        3      0    13344    13382     12   2893  -2147
88        2        1        3     -1    13384    13326    -62   2893  -2147
89        2        1        3     -1    13355    13372     11   2891  -2147
90        2        1        3      0    13402    13307    -26   2889  -2147
91        2        2        4     -1    13368    13339    -72   2888  -2147
92        2        1        3     -1    13357    13393    -20   2888  -2147
93        2        2        4      0    13352    13376     41   2888  -2147
94        2        1        3     -1    13356    13384    -11   2888  -2147
95        3        1        4      0    13373    13352     14   2889  -2147
96        2        2        4     -2    13346    13392     44   2890  -2146
97        2        1        3     -1    13370    13349    -38   2891  -2146
98        2        2        4      0    13368    13352    -47   2891  -2146
99        2        1        3     -1    13392    13314    -16   2890  -2146
 0        2        2        4      1    13369    13376     39   2890  -2146
 1        2        1        3      0    13362    13372     -8   2890  -2146
 2        2        2        4     -1    13357    13355    -46   2891  -2146
 3        2        1        3     -2    13387    13338    -22   2889  -2145
 4        2        1        3      0    13368    13351     17   2889  -2145
 5        3        2        5     -1    13335    13387    -13   2891  -2145
 6        2        1        3     -1    13362    13355    -22   2891  -2145
 7        2        1        3     -2    13387    13338    -25   2890  -2144
 8        2        2        4      1    13367    13356    -53   2890  -2144
 9        2        1        3     -1    13374    13362    -12   2890  -2144
10        2        2        4     -1    13374    13356    -28   2890  -2144
11        2        1        3      1    13377    13354    -40   2889  -2144
12        1        2        3     -1    13386    13350    -38   2889  -2144
13        2        1        3      0    13354    13379     42   2890  -2144
14        2        2        4     -1    13362    13363     25   2890  -2144
15        2        1        3      1    13372    13352    -38   2891  -2144
16        2        2        4     -1    13375    13342      6   2890  -2144
17        2        2        4      0    13362    13356     29   2890  -2144
18        2        2        4      0    13358    13362    -29   2891  -2144
19        1        1        2     -1    13360    13354    -52   2890  -2144
20        2        2        4      0    13362    13349    -34   2889  -2144
21        2        2        4      0    13375    13343    -75   2889  -2144
22        2        1        3      1    13379    13332    -56   2889  -2144
23        1        2        3     -1    13332    13396     37   2889  -2144
24        2        2        4      0    13369    13344    -47   2890  -2144
25        2        1        3     -1    13352    13372     49   2888  -2144
26        2        2        4      0    13357    13392     -8   2891  -2144
27        2        1        3     -1    13377    13349    -26   2891  -2144
28        2        2        4      0    13391    13347    -31   2891  -2144
29        2        2        4      0    13372    13353     -1   2890  -2144
30        2        2        4      0    13348    13390     39   2891  -2144
31        2        1        3     -1    13364    13355    -41   2890  -2144
32        2        2        4      0    13386    13336    -62   2890  -2144
33        2        2        4      0    13326    13393     66   2889  -2144
34        1        1        2      1    13364    13376      7   2891  -2144
35        2        2        4     -1    13363    13378     59   2891  -2144
36        1        2        3      1    13393    13338    -56   2892  -2144
37        2        1        3      1    13349    13375    -24   2891  -2144
38        1        3        4      0    13390    13327    -53   2891  -2144
39        2        1        3      0    13393    13327    -75   2890  -2144
40        1        2        3      0    13355    13364     44   2889  -2144
41        2        2        4      0    13366    13380     46   2888  -2144
42        1        2        3      2    13379    13338    -13   2890  -2145
43        2        2        4      0    13352    13386     11   2891  -2145
44        1        2        3      0    13382    13344    -60   2891  -2145
45        2        2        4      0    13344    13399     39   2890  -2145
46        2        2        4      0    13368    13356     10   2891  -2145
47        2        2        4      0    13364    13384     38   2891  -2145
48        2        1        3      0    13356    13356    -18   2892  -2145
49        1        2        3      0    13383    13336      0   2891  -2145
50        2        2        4      0    13370    13395     68   2891  -2145
51        2        2        4      0    13388    13324    -46   2892  -2145
52        2        2        4      0    13372    13355    -53   2891  -2145
53        2        1        3      1    13383    13341      2   2890  -2145
54        1        2        3     -1    13357    13374     25   2889  -2145
55        2        2        4      0    13368    13359     40   2889  -2145
56        2        2        4      0    13374    13342    -71   2890  -2145
57        2        2        4      0    13362    13380     64   2889  -2145
58        2        2        4      0    13370    13371     57   2890  -2145
59        2        2        4      1    13366    13356    -14   2892  -2145
60        1        2        3      0    13363    13370     -4   2892  -2145
61        2        3        5      1    13349    13372    -13   2894  -2145
62        2        2        4      2    13369    13349    -10   2894  -2146
63        1        2        3      0    13380    13347    -11   2893  -2146
64        1        2        3      1    13383    13331    -61   2892  -2146
65        1        3        4      1    13350    13369    -21   2892  -2146
66        2        2        4      1    13379    13356    -17   2891  -2146
67        1        2        3      0    13368    13348     -4   2890  -2146
68        1        2        3      1    13345    13384     68   2890  -2146
69        2        2        4      2    13369    13374     23   2891  -2147
70        1        2        3     -1    13348    13374     36   2891  -2147
71        2        1        3      0    13379    13338      7   2890  -2147
72        2        2        4     -1    13378    13357    -69   2890  -2147
73        2        1        3      0    13344    13396     39   2890  -2147
74        2        2        4     -1    13384    13326    -37   2891  -2147
75        2        1        3     -1    13338    13421      9   2891  -2147
76        2        1        3     -1    13364    13367     21   2891  -2147
77        2        1        3     -1    13378    13323    -10   2890  -2147
78        2        1        3     -1    13360    13375     52   2890  -2147
79        2        1        3     -1    13363    13364     -2   2890  -2147
80        3        1        4     -1    13358    13397     51   2890  -2147
81        2        1        3      0    13356    13374    -10   2891  -2147
82        2        1        3     -1    13361    13371     30   2890  -2147
83        2        2        4     -2    13370    13348    -67   2891  -2146
84        2        2        4      0    13366    13376     -7   2890  -2146
85        2        1        3     -1    13357    13371     -9   2891  -2146
86        2        2        4      0    13386    13338    -42   2891  -2146
87        2        1        3     -1    13376    13351     -1   2889  -2146
88        2        1        3      0    13342    13397     51   2889  -2146
89        2        2        4     -1    13338    13388     13   2891  -2146
90        2        1        3      0    13370    13350     32   2891  -2146
91        2        2        4     -1    13378    13339    -58   2891  -2146
92        3        1        4      0    13370    13357     32   2890  -2146
93        1        2        3     -1    13356    13399      9   2891  -2146
94        2        1        3     -1    13376    13350    -53   2891  -2146
95        2        1        3      0    13370    13368    -57   2891  -2146
96        2        2        4      0    13355    13394     16   2892  -2146
97        2        2        4     -1    13384    13351     14   2892  -2146
98        2        2        4      1    13357    13360    -15   2892  -2146
99        1        2        3      0    13358    13368    -11   2892  -2146
 0        2        2        4      0    13366    13365     -7   2893  -2146
 1        2        2        4      0    13368    13352     11   2892  -2146
 2        2        1        3      1    13381    13337     -4   2891  -2146
 3        1        2        3     -1    13385    13346      3   2889  -2146
 4        2        2        4      0    13379    13345    -27   2890  -2146
 5        2        2        4      0    13378    13348     25   2890  -2146
 6        1        1        2      1    13372    13370     45   2889  -2146
 7        2        2        4     -1    13348    13406     68   2890  -2146
 8        2        1        3      0    13367    13354     -5   2891  -2146
 9        2        2        4     -1    13380    13351    -58   2891  -2146
10        2        1        3      0    13366    13354     -2   2891  -2146
11        2        2        4      0    13393    13316    -45   2891  -2146
12        1        1        2      0    13362    13363    -13   2891  -2146
13        2        2        4     -1    13378    13354     25   2891  -2146
14        2        1        3     -1    13380    13348     -7   2891  -2146
15        2        2        4      0    13368    13368      6   2891  -2146
16        2        1        3     -1    13380    13354     -3   2891  -2146
17        2        2        4      0    13362    13352     30   2891  -2146
18        2        1        3      0    13360    13378    -22   2892  -2146
19        1        2        3      0    13349    13390    -43   2891  -2146
20        2        2        4      1    13349    13372     19   2892  -2146
21        1        2        3      0    13369    13350    -18   2893  -2146
22        2        2        4      1    13359    13378    -14   2893  -2146
23        1        2        3      0    13358    13376     17   2893  -2146
24        1        1        2      1    13374    13372    -27   2893  -2146
25        2        2        4      0    13384    13338    -52   2892  -2146
26        1        3        4      1    13390    13332    -63   2892  -2146
27        2        2        4      0    13359    13372    -10   2894  -2146
28        1        2        3      1    13353    13391     43   2894  -2146
29        2        2        4      1    13371    13338    -25   2894  -2146
30        1        1        2      0    13343    13382     -3   2893  -2146
31        1        2        3      0    13366    13348    -22   2892  -2146
32        2        2        4      0    13380    13352      0   2891  -2146
33        1        2        3      1    13377    13369     56   2890  -2146
34        1        2        3      1    13347    13382     19   2891  -2146
35        2        2        4      1    13385    13337    -33   2892  -2146
36        1        2        3      1    13357    13360     70   2891  -2146
37        2        2        4      1    13343    13392     46   2891  -2146
38        1        2        3      0    13377    13344    -40   2892  -2146
39        1        2        3      0    13385    13339    -59   2891  -2146
40        2        2        4      1    13353    13367    -32   2891  -2146
41        1        2        3      1    13375    13359    -49   2890  -2146
42        1        2        3      1    13371    13364      3   2889  -2146
43        1        2        3      1    13353    13369      8   2889  -2146
44        1        3        4      2    13362    13383     -9   2890  -2147
45        1        2        3      0    13377    13348      0   2889  -2147
46        2        2        4      1    13347    13382     42   2890  -2147
47        1        2        3      0    13356    13368     28   2892  -2147
48        2        1        3      0    13323    13408     19   2893  -2147
49        1        2        3      0    13351    13362    -52   2894  -2147
50        2        2        4      1    13396    13327    -47   2893  -2147
51        2        2        4      1    13341    13400     48   2892  -2147
52        1        2        3      0    13349    13390      4   2893  -2147
53        2        2        4      0    13371    13356    -25   2893  -2147
54        1        2        3      1    13374    13338      1   2893  -2147
55        2        2        4     -1    13350    13382    -37   2893  -2147
56        2        2        4      1    13368    13366     31   2892  -2147
57        1        2        3      0    13340    13394     28   2893  -2147
58        2        2        4      0    13370    13352     28   2893  -2147
59        2        1        3      1    13346    13380    -18   2893  -2147
60        1        2        3     -1    13352    13392     52   2893  -2147
61        2        2        4      0    13377    13338    -49   2895  -2147
62        2        1        3     -1    13366    13386     16   2894  -2147
63        2        2        4      1    13349    13373     31   2894  -2147
64        1        1        2     -1    13368    13362    -46   2894  -2147
65        2        2        4      0    13345    13398     45   2894  -2147
66        2        1        3     -1    13362    13367     49   2893  -2147
67        2        2        4      1    13346    13370     35   2894  -2147
68        1        1        2     -1    13356    13380     32   2894  -2147
69        2        2        4      0    13376    13357     -8   2894  -2147
70        1        1        2      1    13370    13384    -22   2894  -2147
71        2        2        4      0    13375    13354     -9   2893  -2147
72        2        2        4      0    13334    13388     67   2894  -2147
73        2        2        4      0    13365    13348     13   2895  -2147
74        2        2        4      0    13378    13342    -66   2895  -2147
75        2        1        3      0    13384    13351     18   2893  -2147
76        1        2        3     -1    13366    13362    -14   2894  -2147
77        2        1        3      0    13351    13378     37   2894  -2147
78        2        2        4      1    13361    13368     46   2894  -2147
79        2        2        4     -1    13367    13358     -4   2894  -2147
80        1        1        2      0    13385    13344    -30   2893  -2147
81        2        2        4     -1    13360    13374    -54   2893  -2147
82        2        2        4      1    13363    13359     26   2893  -2147
83        1        1        2      0    13375    13350     -7   2893  -2147
84        2        2        4     -1    13355    13368     31   2892  -2147
85        2        1        3     -1    13367    13327    -23   2893  -2147
86        2        2        4      1    13370    13352    -39   2893  -2147
87        1        1        2     -1    13353    13360     33   2893  -2147
88        2        2        4      0    13380    13339    -28   2894  -2147
89        1        1        2      0    13377    13364      6   2893  -2147
90        2        1        3      0    13379    13353    -21   2892  -2147
91        2        2        4      0    13394    13308    -25   2891  -2147
92        1        2        3      0    13345    13379     -8   2891  -2147
93        2        2        4      0    13361    13362      9   2892  -2147
94        2        2        4      1    13382    13322    -43   2893  -2147
95        1        1        2     -1    13389    13334     -1   2892  -2147
96        2        2        4      0    13376    13347      9   2892  -2147
97        2        2        4      1    13353    13372     13   2893  -2147
98        1        1        2      0    13366    13350     39   2893  -2147
99        2        2        4      0    13360    13368     18   2894  -2147
 0        2        2        4     -1    13395    13318    -45   2893  -2147
 1        1        2        3      1    13347    13360    -47   2892  -2147
 2        2        2        4      0    13345    13401     14   2892  -2147
 3        2        2        4      0    13360    13359     22   2892  -2147
 4        2        1        3      0    13344    13390     19   2893  -2147
 5        2        2        4     -1    13350    13388      5   2894  -2147
 6        2        2        4      0    13374    13354     27   2895  -2147
 7        2        1        3     -1    13358    13351     34   2895  -2147
 8        2        1        3     -1    13382    13343      1   2895  -2147
 9        2        1        3      0    13384    13340    -79   2895  -2147
10        2        2        4     -1    13364    13379    -30   2894  -2147
11        2        1        3     -1    13372    13345    -38   2892  -2147
12        3        1        4     -1    13330    13412     63   2893  -2147
13        2        1        3     -1    13368    13352     13   2894  -2147
14        2        2        4     -1    13386    13352    -52   2894  -2147
15        2        1        3     -1    13374    13362    -26   2893  -2147
16        2        1        3     -1    13350    13395     18   2894  -2147
17        2        1        3      0    13349    13371     58   2894  -2147
18        2        2        4     -1    13376    13365     32   2894  -2147
19        2        1        3     -1    13373    13353     -6   2894  -2147
20        2        1        3     -1    13362    13370     34   2893  -2147
21        3        2        5     -1    13361    13376    -67   2894  -2147
22        2        1        3     -1    13375    13358    -27   2893  -2147
23        2        2        4      0    13358    13383     36   2894  -2147
24        2        0        2     -1    13364    13370     13   2895  -2147
25        2        2        4     -1    13348    13374     -2   2896  -2147
26        3        1        4      0    13365    13366     26   2896  -2147
27        2        2        4     -1    13366    13364     -9   2896  -2147
28        2        1        3     -2    13346    13394      5   2897  -2146
29        2        1        3      0    13376    13360    -26   2898  -2146
30        2        2        4     -1    13382    13344     19   2898  -2146
31        2        1        3      0    13377    13338    -19   2898  -2146
32        3        2        5     -1    13357    13350    -72   2898  -2146
33        1        1        2      0    13360    13363    -25   2897  -2146
34        3        2        5     -1    13376    13351    -50   2897  -2146
35        2        1        3     -2    13360    13371     31   2896  -2145
36        2        1        3      0    13381    13350    -40   2896  -2145
37        2        1        3     -2    13364    13375    -21   2895  -2144
38        2        1        3     -1    13375    13368      7   2895  -2144
39        2        1        3      0    13358    13358     53   2895  -2144
40        3        2        5     -1    13360    13382     27   2896  -2144
41        2        1        3     -2    13354    13384    -26   2896  -2143
42        2        1        3      0    13362    13358    -12   2896  -2143
43        2        2        4     -1    13370    13361    -12   2896  -2143
44        2        1        3     -1    13380    13352     14   2897  -2143
45        2        2        4      0    13358    13382      6   2896  -2143
46        2        1        3     -1    13364    13364    -58   2896  -2143
47        2        1        3      0    13374    13368     -8   2896  -2143
48        2        2        4     -1    13388    13338    -56   2896  -2143
49        2        1        3      0    13346    13378     12   2895  -2143
50        2        2        4     -1    13373    13342      9   2896  -2143
51        2        2        4      0    13362    13355      8   2896  -2143
52        1        1        2      1    13371    13368     25   2895  -2143
53        2        2        4      0    13369    13356    -48   2896  -2143
54        2        2        4      0    13333    13398     12   2896  -2143
55        1        2        3      0    13371    13344    -25   2896  -2143
56        2        1        3      0    13375    13346    -45   2896  -2143
57        2        2        4     -1    13366    13378    -26   2896  -2143
58        1        2        3      1    13381    13357    -24   2897  -2143
59        2        1        3      0    13356    13372     -6   2895  -2143
60        1        2        3      0    13381    13351    -69   2894  -2143
61        2        2        4      1    13378    13330    -10   2892  -2143
62        1        2        3      1    13336    13385     56   2893  -2143
63        1        2        3      0    13361    13367     52   2894  -2143
64        2        2        4      1    13380    13345    -31   2894  -2143
65        1        2        3      0    13371    13369      4   2894  -2143
66        2        2        4      1    13379    13352    -23   2894  -2143
67        1        2        3      0    13363    13368    -31   2894  -2143
68        2        2        4      0    13345    13376     29   2894  -2143
69        1        2        3      1    13369    13364     47   2895  -2143
70        2        2        4      0    13357    13348     29   2895  -2143
71        1        2        3      1    13367    13357    -11   2895  -2143
72        1        2        3      1    13353    13376    -28   2895  -2143
73        2        1        3      0    13362    13369     -5   2894  -2143
74        1        2        3      1    13379    13357     27   2894  -2143
75        2        2        4     -1    13374    13359     22   2894  -2143
76        1        2        3      1    13377    13356      0   2894  -2143
77        2        2        4      0    13360    13368     56   2894  -2143
78        1        2        3      1    13383    13360    -57   2895  -2143
79        2        2        4      0    13350    13380     -4   2895  -2143
80        2        2        4      1    13361    13383     28   2894  -2143
81        1        2        3      0    13357    13390    -16   2894  -2143
82        2        1        3      0    13378    13352    -33   2894  -2143
83        2        2        4      0    13363    13344     27   2894  -2143
84        1        2        3      0    13387    13342    -16   2894  -2143
85        2        2        4      0    13360    13383    -25   2894  -2143
86        1        2        3      1    13367    13373     12   2894  -2143
87        2        3        5      1    13363    13386     28   2894  -2143
88        1        2        3      1    13388    13328    -48   2895  -2143
89        1        2        3      2    13359    13358    -17   2895  -2144
90        1        2        3      1    13369    13345      5   2895  -2144
91        2        3        5      1    13329    13411     49   2896  -2144
92        1        2        3      0    13365    13352     10   2897  -2144
93        1        3        4      2    13381    13348    -50   2896  -2145
94        2        2        4      0    13367    13370    -19   2895  -2145
95        2        2        4      1    13366    13359    -53   2895  -2145
96        1        2        3      0    13365    13358    -64   2894  -2145
97        2        2        4      0    13322    13410     49   2893  -2145
98        2        2        4      1    13351    13398     43   2894  -2145
99        1        2        3      1    13385    13334    -63   2895  -2145
 0        2        2        4     -1    13377    13376    -41   2894  -2145
 1        2        2        4      1    13384    13326    -45   2893  -2145
 2        1        2        3      0    13340    13404     42   2894  -2145
 3        1        2        3      1    13376    13349     18   2894  -2145
 4        2        2        4      1    13367    13380     67   2894  -2145
 5        1        2        3      0    13376    13360      5   2894  -2145
 6        2        2        4      1    13370    13352    -26   2894  -2145
 7        1        2        3      0    13356    13383     22   2894  -2145
 8        2        2        4      0    13354    13369     -2   2896  -2145
 9        1        2        3      1    13368    13360    -30   2895  -2145
10        2        1        3      1    13355    13378     -6   2895  -2145
11        1        2        3      0    13368    13359    -62   2895  -2145
12        2        2        4     -1    13365    13366     -1   2894  -2145
13        2        1        3      1    13367    13360    -26   2895  -2145
14        1        2        3      0    13364    13374    -11   2896  -2145
15        2        2        4      1    13359    13387     46   2895  -2145
16        1        3        4      0    13351    13387     27   2896  -2145
17        1        2        3      1    13345    13390     26   2897  -2145
18        2        2        4      0    13383    13340     17   2897  -2145
19        1        2        3      1    13383    13328    -13   2897  -2145
20        2        2        4      1    13375    13348    -21   2896  -2145
21        1        1        2      0    13372    13365      1   2895  -2145
22        2        2        4      0    13365    13368    -23   2896  -2145
23        1        2        3      1    13350    13404     52   2895  -2145
24        1        3        4      1    13353    13359    -25   2896  -2145
25        2        2        4      1    13398    13328    -46   2896  -2145
26        1        2        3      1    13368    13359    -34   2897  -2145
27        1        2        3      1    13364    13388     -8   2896  -2145
28        1        3        4      1    13372    13356    -54   2897  -2145
29        1        2        3      1    13379    13330    -44   2896  -2145
30        2        2        4      2    13380    13343    -65   2896  -2146
31        1        2        3      0    13374    13353     15   2895  -2146
32        1        3        4      1    13369    13348     -2   2896  -2146
33        2        2        4      1    13355    13374     32   2897  -2146
34        1        2        3      0    13367    13351    -13   2897  -2146
35        1        2        3      1    13385    13347    -44   2896  -2146
36        2        3        5      2    13386    13354     27   2896  -2147
37        1        2        3      0    13363    13366    -16   2896  -2147
38        1        2        3      1    13373    13360     28   2896  -2147
39        2        2        4      0    13369    13366    -17   2897  -2147
40        1        2        3      1    13379    13359    -23   2898  -2147
41        1        3        4      2    13382    13347    -28   2896  -2148
42        2        2        4      1    13356    13401     19   2896  -2148
43        1        2        3      0    13364    13388     46   2895  -2148
44        1        3        4      2    13356    13387     54   2895  -2149
45        2        2        4      0    13365    13350    -10   2897  -2149
46        2        1        3      1    13346    13373      0   2896  -2149
47        1        2        3      0    13388    13335    -64   2896  -2149
84       -1        5        4      4    13369    13370      2   2887  -2482
85        0        5        5      5    13356    13370     40   2888  -2484
86        0        4        4      5    13358    13379    -11   2889  -2486
87       -1        4        3      4    13354    13393     50   2889  -2488
88        0        4        4      4    13360    13376     33   2889  -2490
