32       -3       -1       -4      2    12565    12559    -44    659  -1730
33       -3       -1       -4      2    12563    12553    -52    659  -1731
34       -3       -1       -4      2    12545    12555    -19    659  -1732
35       -4       -1       -5      3    12549    12557     22    659  -1733
36       -3       -1       -4      2    12554    12557     46    659  -1734
37       -3       -1       -4      2    12547    12559      3    660  -1735
38       -3       -1       -4      2    12552    12551     -7    660  -1736
39       -3       -1       -4      2    12551    12552     -9    660  -1737
40       -3       -2       -5      1    12552    12550    -19    660  -1737
41       -3       -1       -4      2    12551    12556    -12    660  -1738
42       -3       -1       -4      2    12563    12545    -38    660  -1739
43       -3       -1       -4      2    12557    12546    -35    660  -1740
44       -3       -1       -4      2    12549    12543    -63    660  -1741
45       -3       -1       -4      2    12557    12547    -78    660  -1742
46       -3       -2       -5      1    12555    12554      7    659  -1742
47       -3       -1       -4      2    12549    12555     17    659  -1743
48       -3       -1       -4      2    12544    12551     37    659  -1744
49       -3       -1       -4      2    12551    12551     57    659  -1745
50       -2       -2       -4      0    12550    12553     37    659  -1745
51       -3       -1       -4      2    12547    12567     58    659  -1746
52       -2       -2       -4      0    12560    12551     -5    660  -1746
53       -3       -2       -5      1    12560    12552     -2    660  -1746
54       -2       -2       -4      0    12558    12554     -6    660  -1746
55       -3       -2       -5      1    12549    12558     16    660  -1746
56       -2       -1       -3      1    12556    12556     12    660  -1746
57       -2       -2       -4      0    12558    12557     12    660  -1746
58       -3       -2       -5      1    12556    12550    -15    660  -1746
59       -2       -2       -4      0    12558    12547    -55    660  -1746
60       -2       -1       -3      1    12556    12555    -71    660  -1746
61       -3       -2       -5      1    12556    12546     -6    659  -1746
62       -3       -2       -5      1    12549    12554      0    659  -1746
63       -2       -1       -3      1    12548    12566     42    659  -1746
64       -2       -2       -4      0    12554    12560     23    660  -1746
65       -3       -2       -5      1    12556    12560     60    660  -1746
66       -2       -2       -4      0    12552    12560     77    660  -1746
67       -2       -2       -4      0    12554    12563     22    661  -1746
68       -2       -2       -4      0    12546    12554     42    661  -1746
69       -3       -2       -5      1    12558    12560     67    661  -1746
70       -2       -2       -4      0    12554    12548    -25    662  -1746
71       -2       -1       -3      1    12558    12540     -9    661  -1746
72       -3       -2       -5      1    12556    12544    -74    661  -1746
73       -2       -2       -4      0    12556    12550    -30    660  -1746
74       -2       -1       -3      1    12556    12550    -56    660  -1746
75       -3       -2       -5      1    12554    12557    -62    660  -1746
76       -2       -1       -3      1    12550    12561    -56    660  -1746
77       -3       -2       -5      1    12545    12559    -23    660  -1746
78       -3       -1       -4      2    12551    12561      9    660  -1747
79       -2       -2       -4      0    12548    12555     31    660  -1747
80       -3       -1       -4      2    12548    12558     70    660  -1748
81       -3       -2       -5      1    12561    12556      3    661  -1748
82       -3       -1       -4      2    12555    12553     13    661  -1749
83       -2       -1       -3      1    12556    12559     29    661  -1749
84       -3       -2       -5      1    12551    12554     59    661  -1749
85       -2       -2       -4      0    12554    12557      9    662  -1749
86       -3       -1       -4      2    12557    12553     -6    662  -1750
87       -2       -2       -4      0    12558    12552    -22    662  -1750
88       -3       -1       -4      2    12558    12550    -66    662  -1751
89       -2       -2       -4      0    12556    12544    -43    661  -1751
90       -3       -2       -5      1    12559    12551     -9    660  -1751
91       -2       -1       -3      1    12558    12554    -23    660  -1751
92       -2       -2       -4      0    12560    12549    -49    660  -1751
93       -3       -2       -5      1    12558    12556    -51    660  -1751
94       -2       -2       -4      0    12554    12552    -59    660  -1751
95       -2       -2       -4      0    12552    12550      0    659  -1751
96       -2       -2       -4      0    12546    12548    -14    659  -1751
97       -2       -2       -4      0    12558    12556    -24    659  -1751
98       -2       -2       -4      0    12546    12548    -36    659  -1751
99       -2       -2       -4      0    12550    12548    -28    659  -1751
 0       -2       -2       -4      0    12553    12552    -15    659  -1751
 1       -3       -2       -5      1    12554    12550    -33    659  -1751
 2       -2       -2       -4      0    12556    12546    -61    659  -1751
 3       -2       -3       -5     -1    12547    12555    -49    659  -1751
 4       -2       -2       -4      0    12552    12550    -67    659  -1751
 5       -2       -2       -4      0    12558    12552    -78    659  -1751
 6       -2       -2       -4      0    12554    12565     39    658  -1751
 7       -2       -2       -4      0    12552    12559     69    658  -1751
 8       -2       -2       -4      0    12550    12558     13    659  -1751
 9       -2       -3       -5     -1    12550    12553     36    659  -1751
10       -2       -2       -4      0    12552    12564     74    659  -1751
11       -2       -2       -4      0    12547    12561     37    660  -1751
12       -2       -2       -4      0    12548    12556     58    660  -1751
13       -2       -2       -4      0    12548    12545     50    660  -1751
14       -2       -3       -5     -1    12560    12547      5    660  -1751
15       -2       -2       -4      0    12559    12538    -43    660  -1751
16       -2       -2       -4      0    12556    12545     -3    659  -1751
17       -2       -2       -4      0    12554    12550    -26    659  -1751
18       -2       -3       -5     -1    12558    12548    -41    659  -1751
19       -2       -2       -4      0    12562    12544    -74    659  -1751
20       -2       -2       -4      0    12554    12551     -3    658  -1751
21       -2       -2       -4      0    12551    12555     -5    658  -1751
22       -2       -3       -5     -1    12550    12553      0    658  -1751
23       -1       -2       -3     -1    12550    12554      8    658  -1751
24       -2       -2       -4      0    12547    12552     14    658  -1751
25       -2       -2       -4      0    12552    12557     29    658  -1751
26       -2       -2       -4      0    12548    12548     31    658  -1751
27       -2       -3       -5     -1    12549    12545     14    658  -1751
28       -2       -2       -4      0    12553    12554      3    658  -1751
29       -2       -3       -5     -1    12546    12555     29    658  -1751
30       -2       -2       -4      0    12547    12552     55    658  -1751
31       -2       -2       -4      0    12544    12553     77    658  -1751
32       -1       -2       -3     -1    12551    12548    -20    659  -1751
33       -3       -3       -6      0    12552    12544    -50    659  -1751
34       -2       -2       -4      0    12560    12549    -78    659  -1751
35       -2       -2       -4      0    12557    12554     -6    658  -1751
36       -2       -2       -4      0    12556    12560     -4    658  -1751
37       -2       -2       -4      0    12550    12559     18    658  -1751
38       -3       -2       -5      1    12548    12556     61    658  -1751
39       -2       -2       -4      0    12554    12561      7    659  -1751
40       -2       -2       -4      0    12558    12563     14    659  -1751
41       -2       -2       -4      0    12546    12556     53    659  -1751
42       -2       -2       -4      0    12558    12554     55    659  -1751
43       -2       -2       -4      0    12554    12565     70    659  -1751
44       -3       -2       -5      1    12550    12558     17    660  -1751
45       -2       -2       -4      0    12552    12552     17    660  -1751
46       -2       -2       -4      0    12546    12548     34    660  -1751
47       -3       -2       -5      1    12556    12544     -3    660  -1751
48       -2       -2       -4      0    12553    12538    -49    660  -1751
49       -2       -2       -4      0    12558    12545    -33    659  -1751
50       -2       -2       -4      0    12556    12547    -74    659  -1751
51       -2       -2       -4      0    12551    12548     -4    658  -1751
52       -2       -3       -5     -1    12554    12549     -6    658  -1751
53       -2       -2       -4      0    12548    12556     23    658  -1751
54       -3       -2       -5      1    12552    12552     16    658  -1751
55       -2       -1       -3      1    12547    12558     28    658  -1751
56       -2       -2       -4      0    12550    12560     68    658  -1751
57       -3       -2       -5      1    12550    12564     32    659  -1751
58       -2       -1       -3      1    12554    12566     63    659  -1751
59       -2       -2       -4      0    12554    12558      0    660  -1751
60       -3       -2       -5      1    12560    12554     -8    660  -1751
61       -2       -2       -4      0    12561    12544    -45    660  -1751
62       -2       -2       -4      0    12559    12546    -12    659  -1751
63       -2       -2       -4      0    12548    12542    -49    659  -1751
64       -3       -2       -5      1    12552    12546    -13    658  -1751
65       -2       -2       -4      0    12550    12554     -8    658  -1751
66       -2       -2       -4      0    12548    12550     15    658  -1751
67       -3       -1       -4      2    12548    12562     74    658  -1752
68       -2       -2       -4      0    12544    12558     37    659  -1752
69       -3       -2       -5      1    12546    12560      2    660  -1752
70       -3       -1       -4      2    12554    12551      9    660  -1753
71       -2       -2       -4      0    12556    12550    -14    660  -1753
72       -3       -2       -5      1    12556    12550    -48    660  -1753
73       -2       -1       -3      1    12552    12548     -1    659  -1753
74       -3       -2       -5      1    12552    12552     15    659  -1753
75       -2       -1       -3      1    12548    12562     62    659  -1753
76       -3       -2       -5      1    12552    12558     14    660  -1753
77       -3       -2       -5      1    12546    12560     47    660  -1753
78       -2       -2       -4      0    12554    12556     -4    661  -1753
79       -3       -1       -4      2    12546    12552     11    661  -1754
80       -2       -2       -4      0    12552    12550     -3    661  -1754
81       -2       -2       -4      0    12548    12558     20    661  -1754
82       -2       -2       -4      0    12550    12554     36    661  -1754
83       -3       -2       -5      1    12558    12550     47    661  -1754
84       -2       -1       -3      1    12559    12546      6    661  -1754
85       -3       -2       -5      1    12566    12548    -57    661  -1754
86       -2       -2       -4      0    12558    12552    -18    660  -1754
87       -3       -2       -5      1    12560    12554    -38    660  -1754
88       -2       -2       -4      0    12552    12552    -46    660  -1754
89       -2       -2       -4      0    12555    12564    -25    660  -1754
90       -3       -2       -5      1    12557    12556    -22    660  -1754
91       -2       -2       -4      0    12555    12558     -1    660  -1754
92       -2       -2       -4      0    12558    12548     -2    660  -1754
93       -2       -2       -4      0    12550    12556      8    660  -1754
94       -2       -2       -4      0    12554    12562     28    660  -1754
95       -2       -2       -4      0    12552    12549     37    660  -1754
96       -2       -2       -4      0    12554    12553     17    660  -1754
97       -2       -2       -4      0    12550    12546     -7    660  -1754
98       -2       -2       -4      0    12562    12551    -35    660  -1754
99       -2       -2       -4      0    12548    12548    -15    660  -1754
 0       -2       -3       -5     -1    12552    12562     24    660  -1754
