 8        2        3        5      1    13389    13327    -57   2888  -2511
 9        1        3        4      2    13343    13398     38   2887  -2512
10        1        2        3      0    13367    13364     49   2887  -2512
11        2        3        5      2    13345    13381     31   2887  -2513
12        1        2        3      0    13368    13376    -27   2887  -2513
13        2        2        4      0    13368    13360     -8   2886  -2513
14        3        2        5     -1    13359    13372     19   2886  -2513
15        2        2        4      0    13362    13373     62   2886  -2513
16        2        2        4      1    13365    13380      3   2888  -2513
17        2        3        5      0    13365    13368     43   2888  -2513
18        3        2        5      0    13360    13372    -20   2888  -2513
19        1        1        2      0    13375    13364    -20   2887  -2513
20        2        2        4     -1    13353    13366    -40   2887  -2513
21        2        2        4      1    13382    13347      3   2886  -2513
22        2        3        5      0    13362    13353     -6   2887  -2513
23        2        1        3      1    13353    13376     38   2887  -2513
24        2        2        4      0    13352    13378      2   2888  -2513
25        1        2        3     -1    13380    13335    -77   2887  -2513
26        2        2        4      0    13343    13386     52   2885  -2513
27        2        2        4      1    13383    13336    -48   2886  -2513
28        2        2        4     -1    13382    13341    -18   2886  -2513
29        1        2        3      1    13370    13369    -24   2886  -2513
30        2        2        4      1    13360    13362    -64   2887  -2513
31        2        3        5      0    13360    13365     24   2887  -2513
32        2        2        4      1    13357    13362     15   2889  -2513
33        1        2        3      1    13335    13398     -8   2891  -2513
34        2        2        4      0    13327    13414     35   2891  -2513
35        1        3        4      1    13360    13379     -8   2892  -2513
36        1        2        3      2    13354    13379    -38   2892  -2514
37        1        3        4      1    13367    13359    -48   2892  -2514
38        2        3        5      2    13374    13320    -48   2891  -2515
39        1        3        4      2    13351    13389      1   2891  -2516
40        1        2        3      1    13362    13361    -33   2890  -2516
41        1        4        5      2    13379    13357    -27   2890  -2517
42        1        3        4      2    13363    13361     19   2889  -2518
43        1        3        4      3    13350    13383     49   2889  -2519
44        0        3        3      2    13359    13381     26   2890  -2520
45        1        2        3      1    13364    13352    -41   2890  -2520
46        2        3        5      2    13371    13347     19   2889  -2521
47        1        2        3      0    13380    13344    -11   2889  -2521
48        1        2        3      2    13383    13333    -53   2890  -2522
49        2        2        4      1    13337    13394     50   2889  -2522
50        1        3        4      0    13353    13379     42   2890  -2522
51        2        3        5      2    13381    13336    -41   2890  -2523
52        1        2        3      0    13359    13357      6   2889  -2523
53        2        2        4      1    13350    13376      4   2890  -2523
54        1        2        3      0    13363    13365     18   2890  -2523
55        2        2        4      0    13376    13373     -1   2890  -2523
56        2        2        4      0    13358    13385     35   2890  -2523
57        2        2        4      0    13394    13323    -76   2891  -2523
58        1        2        3      1    13375    13362    -34   2889  -2523
59        3        1        4      0    13380    13337    -56   2889  -2523
60        1        2        3     -1    13372    13358     38   2888  -2523
61        3        2        5     -1    13369    13376    -49   2889  -2523
62        2        1        3      0    13374    13344     -4   2887  -2523
63        3        1        4     -1    13328    13409     42   2889  -2523
64        2        2        4     -2    13376    13347    -48   2890  -2522
65        3        1        4     -2    13364    13379     25   2889  -2521
66        3        1        4     -1    13350    13387     32   2890  -2521
67        2        1        3     -2    13378    13331    -22   2889  -2520
68        3        1        4      0    13357    13369    -24   2889  -2520
69        2        2        4     -2    13366    13356    -24   2889  -2519
70        3        2        5     -1    13358    13348    -31   2889  -2519
71        2        1        3      0    13349    13384     -3   2889  -2519
72        3        2        5     -2    13365    13378     -3   2889  -2518
73        2        2        4      0    13350    13369     -1   2889  -2518
74        2        2        4      0    13362    13370     62   2890  -2518
75        2        1        3     -1    13368    13349    -17   2891  -2518
76        3        2        5      0    13384    13338    -15   2891  -2518
77        2        2        4      0    13359    13386     -3   2891  -2518
78        2        1        3      0    13390    13335    -26   2890  -2518
79        2        2        4      0    13377    13350    -46   2890  -2518
80        2        2        4     -2    13378    13343     21   2890  -2517
81        2        2        4      0    13374    13363    -23   2889  -2517
82        2        2        4      0    13352    13394     28   2889  -2517
83        3        2        5      0    13387    13343    -40   2890  -2517
84        2        2        4      0    13361    13358     25   2889  -2517
85        2        1        3      0    13371    13381     10   2890  -2517
86        2        2        4      0    13372    13348    -54   2891  -2517
87        2        2        4     -1    13366    13374     14   2890  -2517
88        2        2        4      0    13356    13358     43   2890  -2517
89        1        1        2      0    13360    13376    -29   2891  -2517
90        3        2        5     -1    13383    13350      1   2890  -2517
91        2        2        4      1    13372    13350     -2   2889  -2517
92        2        2        4      0    13342    13371    -24   2891  -2517
93        2        2        4     -1    13376    13350    -39   2890  -2517
94        2        2        4      0    13360    13367     28   2889  -2517
95        2        2        4      0    13364    13374     29   2889  -2517
96        2        2        4     -1    13346    13392     44   2889  -2517
97        2        2        4      0    13372    13364    -48   2890  -2517
98        2        2        4      0    13352    13388    -20   2890  -2517
99        2        2        4      0    13371    13355     -8   2889  -2517
 0        2        2        4      0    13340    13392     71   2889  -2517
 1        2        2        4      0    13338    13388     -2   2890  -2517
 2        2        2        4      0    13374    13355    -68   2889  -2517
 3        3        2        5      0    13362    13370      4   2888  -2517
 4        2        2        4     -1    13358    13358    -17   2889  -2517
 5        2        1        3      1    13365    13363     40   2888  -2517
 6        2        3        5     -1    13394    13325    -32   2889  -2517
 7        2        1        3      0    13366    13363     21   2888  -2517
 8        2        2        4      0    13344    13396     54   2889  -2517
 9        2        3        5      0    13370    13359     -3   2889  -2517
10        2        2        4      0    13368    13355      5   2890  -2517
11        3        2        5      0    13368    13346     -8   2890  -2517
12        2        2        4      0    13365    13349    -22   2889  -2517
13        1        1        2      0    13386    13340    -29   2888  -2517
14        2        3        5      0    13358    13373     38   2888  -2517
15        2        2        4      0    13356    13365    -13   2889  -2517
16        3        2        5     -1    13360    13379     71   2890  -2517
17        2        2        4      0    13372    13348    -26   2892  -2517
18        2        2        4      1    13372    13346     -3   2890  -2517
19        2        1        3      0    13356    13389     16   2888  -2517
20        2        2        4     -2    13349    13404     47   2888  -2516
21        2        2        4      1    13363    13382     22   2889  -2516
22        2        2        4     -1    13358    13384    -17   2890  -2516
23        2        2        4      0    13344    13374     13   2889  -2516
24        2        1        3      1    13370    13351    -50   2889  -2516
25        2        3        5      0    13352    13382     31   2889  -2516
26        2        1        3      0    13366    13361    -40   2889  -2516
27        1        2        3     -1    13354    13374     11   2888  -2516
28        2        2        4      0    13365    13360     16   2888  -2516
29        3        2        5      0    13356    13368    -21   2889  -2516
30        2        2        4     -1    13369    13366    -61   2889  -2516
31        2        2        4      0    13376    13358    -57   2889  -2516
32        3        1        4     -1    13350    13400     33   2889  -2516
33        2        2        4     -1    13362    13359     -1   2889  -2516
34        3        1        4      0    13352    13382    -18   2891  -2516
35        2        2        4     -1    13387    13328    -40   2892  -2516
36        2        2        4     -1    13377    13339    -40   2892  -2516
37        2        2        4      0    13388    13334     14   2890  -2516
38        3        2        5     -1    13369    13353    -34   2891  -2516
39        2        1        3     -1    13368    13351    -16   2890  -2516
40        3        2        5     -1    13374    13346     -5   2889  -2516
41        2        2        4      0    13366    13356    -54   2889  -2516
42        3        1        4     -2    13374    13354     16   2888  -2515
43        3        2        5      0    13350    13374      1   2889  -2515
44        2        2        4     -1    13376    13364    -52   2890  -2515
45        2        1        3     -1    13376    13347    -23   2889  -2515
46        2        2        4      0    13365    13366     -1   2890  -2515
47        3        1        4     -1    13404    13299    -40   2889  -2515
48        2        2        4     -1    13339    13396      0   2888  -2515
49        2        1        3     -1    13367    13366    -10   2888  -2515
50        3        2        5      0    13368    13358    -43   2889  -2515
51        2        2        4      1    13353    13376     34   2888  -2515
52        1        2        3      0    13374    13363     -3   2888  -2515
53        1        2        3      1    13357    13370    -34   2890  -2515
54        2        3        5      1    13357    13365    -47   2890  -2515
55        1        2        3      0    13366    13371     37   2889  -2515
56        2        3        5      1    13341    13381     -3   2891  -2515
57        1        2        3      1    13357    13365    -40   2891  -2515
58        2        3        5      2    13367    13355     49   2891  -2516
59        1        2        3      0    13361    13373     42   2891  -2516
60        1        2        3      1    13383    13333    -36   2891  -2516
61        1        2        3      2    13355    13353     -7   2890  -2517
62        2        3        5      0    13347    13357      1   2890  -2517
63        1        2        3      1    13379    13352     20   2890  -2517
64        2        3        5      2    13389    13319    -19   2890  -2518
65        1        2        3      0    13341    13386     21   2890  -2518
66        2        3        5      2    13385    13323     -9   2890  -2519
67        1        2        3      0    13364    13358    -45   2890  -2519
68        1        2        3      2    13313    13424     69   2890  -2520
69        2        2        4     -1    13370    13360     -7   2890  -2520
70        2        2        4      1    13344    13408     -7   2891  -2520
71        1        2        3      1    13346    13367     19   2890  -2520
72        2        2        4      0    13360    13364     66   2890  -2520
73        2        3        5      0    13362    13387     -7   2891  -2520
74        2        2        4      1    13353    13369     47   2891  -2520
75        1        2        3      0    13362    13368    -39   2892  -2520
76        2        2        4      0    13358    13383     22   2891  -2520
77        2        2        4      0    13382    13348     -7   2891  -2520
78        2        1        3      0    13366    13355    -53   2890  -2520
79        1        2        3      0    13344    13394     26   2888  -2520
80        2        2        4      0    13353    13370    -19   2889  -2520
81        2        1        3      0    13354    13384    -11   2887  -2520
82        1        2        3      0    13357    13350    -25   2887  -2520
83        2        2        4      0    13352    13351     12   2888  -2520
84        2        2        4      0    13316    13402     35   2890  -2520
85        2        2        4      0    13339    13385    -19   2891  -2520
86        2        1        3      0    13349    13372    -20   2891  -2520
87        2        2        4     -1    13374    13334    -11   2890  -2520
88        2        2        4      0    13358    13380     46   2890  -2520
89        2        2        4      0    13356    13368     48   2891  -2520
90        2        1        3      1    13375    13344    -26   2890  -2520
91        2        3        5     -1    13372    13344    -20   2889  -2520
92        2        2        4      1    13361    13344    -28   2889  -2520
93        1        2        3      0    13349    13401     32   2888  -2520
94        2        2        4      0    13371    13358      2   2889  -2520
95        2        3        5      1    13398    13336     -3   2888  -2520
96        2        2        4      1    13352    13399     54   2888  -2520
97        1        2        3      0    13372    13355      3   2887  -2520
98        2        2        4      0    13355    13373    -22   2888  -2520
99        2        3        5      1    13358    13371     22   2888  -2520
 0        2        2        4      1    13355    13364     30   2889  -2520
 1        1        2        3      1    13357    13355     -4   2889  -2520
 2        2        2        4      0    13367    13346    -13   2888  -2520
 3        2        3        5      2    13350    13388     29   2889  -2521
 4        1        3        4      0    13351    13385     -3   2890  -2521
 5        2        3        5      1    13377    13331      1   2889  -2521
 6        1        2        3      2    13365    13352     -3   2889  -2522
 7        1        2        3      0    13381    13343     -2   2887  -2522
 8        2        2        4      2    13363    13366    -20   2889  -2523
 9        1        2        3      0    13369    13354     42   2888  -2523
10        2        2        4      1    13377    13362      0   2888  -2523
11        1        2        3      0    13349    13367    -31   2888  -2523
12        2        3        5      1    13345    13375     13   2888  -2523
13        1        2        3      0    13346    13402    -14   2890  -2523
14        2        2        4      0    13352    13374     -6   2890  -2523
15        2        2        4      0    13371    13367    -57   2889  -2523
16        3        2        5     -1    13355    13376      6   2889  -2523
17        2        2        4      0    13346    13383     42   2889  -2523
18        2        2        4      0    13338    13384     -6   2891  -2523
19        3        1        4      0    13351    13368     46   2891  -2523
20        2        2        4     -1    13394    13335    -39   2891  -2523
21        2        2        4     -1    13368    13360    -38   2890  -2523
22        2        1        3      0    13376    13356    -26   2891  -2523
23        2        2        4     -1    13374    13337     15   2891  -2523
24        3        2        5     -1    13374    13342    -68   2890  -2523
25        2        1        3     -1    13352    13394     41   2889  -2523
26        3        2        5      0    13380    13342     28   2890  -2523
27        2        1        3     -1    13374    13355    -17   2891  -2523
28        2        2        4     -1    13364    13356     39   2890  -2523
29        2        2        4      0    13349    13373     41   2892  -2523
30        3        1        4     -1    13369    13356    -54   2892  -2523
31        2        1        3     -1    13374    13331     11   2890  -2523
32        2        2        4     -1    13320    13412     72   2891  -2523
33        3        1        4     -2    13387    13319    -21   2891  -2522
34        2        1        3      0    13370    13365      1   2890  -2522
35        3        2        5     -2    13344    13378    -16   2891  -2521
36        2        2        4      0    13362    13388    -23   2890  -2521
37        2        1        3     -1    13355    13379    -10   2890  -2521
38        2        2        4      0    13370    13342     42   2891  -2521
39        2        2        4      1    13360    13376      7   2891  -2521
40        1        1        2     -1    13361    13358      8   2890  -2521
41        2        2        4      1    13372    13369    -44   2890  -2521
42        2        2        4      0    13367    13366    -37   2890  -2521
43        2        2        4      0    13360    13360     -1   2890  -2521
44        2        3        5      0    13351    13369    -17   2890  -2521
45        2        2        4      0    13366    13358    -14   2889  -2521
46        3        2        5      0    13372    13344     -6   2889  -2521
47        2        2        4      0    13366    13362      7   2890  -2521
48        2        2        4      0    13395    13316     -8   2888  -2521
49        1        2        3      0    13359    13386     39   2888  -2521
50        2        2        4      1    13357    13371     61   2888  -2521
51        1        2        3      0    13347    13377     60   2889  -2521
52        2        3        5      1    13359    13374     17   2891  -2521
