85        0        2        2      2    13363    13355    -11   2883  -1734
86        1        3        4      1    13331    13407     58   2883  -1734
87        1        2        3      2    13391    13323     -9   2884  -1735
88        1        3        4      2    13361    13361     32   2884  -1736
89        0        2        2      2    13368    13367     18   2886  -1737
90        1        3        4      1    13373    13336    -71   2886  -1737
91        1        2        3      3    13367    13353      4   2883  -1738
92        1        3        4      1    13365    13373     40   2884  -1738
93        1        3        4      2    13364    13363    -54   2885  -1739
94        0        2        2      1    13369    13361    -14   2884  -1739
95        1        3        4      2    13352    13363     26   2884  -1740
96        1        2        3      1    13387    13334     -2   2884  -1740
97        0        2        2      3    13366    13355    -51   2884  -1741
98        1        3        4      1    13373    13348    -59   2884  -1741
99        1        2        3      3    13376    13355    -13   2882  -1742
 0        1        3        4      1    13340    13385     57   2882  -1742
 1        1        2        3      2    13365    13373     10   2882  -1743
 2        1        3        4      1    13385    13332     -9   2881  -1743
 3        1        2        3      0    13373    13348    -42   2882  -1743
 4        1        2        3      1    13368    13363    -17   2883  -1743
 5        1        2        3      1    13377    13364    -44   2884  -1743
 6        1        2        3      1    13369    13377     26   2883  -1743
 7        2        2        4      2    13375    13351    -28   2885  -1744
 8        1        3        4      0    13372    13377     -3   2886  -1744
 9        1        2        3      1    13342    13387      1   2886  -1744
10        1        1        2      0    13384    13346     14   2886  -1744
11        2        2        4      1    13361    13362    -21   2885  -1744
12        1        2        3      0    13357    13372    -10   2885  -1744
13        1        2        3      1    13374    13356     -8   2885  -1744
14        2        2        4      1    13366    13356     -2   2885  -1744
15        1        2        3      0    13382    13346    -43   2885  -1744
16        1        2        3      2    13365    13363     -3   2885  -1745
17        2        3        5      0    13357    13375     28   2885  -1745
18        1        2        3      1    13375    13359     44   2886  -1745
19        2        2        4      1    13379    13338    -48   2885  -1745
20        1        2        3      0    13348    13378     33   2884  -1745
21        2        2        4      0    13356    13368     10   2885  -1745
22        2        1        3      1    13376    13356      2   2884  -1745
23        2        2        4      0    13390    13334    -54   2886  -1745
24        2        2        4     -1    13390    13299      2   2884  -1745
25        2        1        3     -1    13370    13360    -11   2883  -1745
26        2        1        3      0    13372    13367     12   2884  -1745
27        2        2        4     -1    13374    13371     21   2884  -1745
28        2        1        3     -1    13332    13396     23   2885  -1745
29        1        1        2      0    13353    13357     59   2885  -1745
30        2        2        4     -1    13391    13303    -23   2885  -1745
31        2        1        3      0    13390    13321    -18   2885  -1745
32        2        2        4      0    13376    13338    -53   2885  -1745
33        1        1        2      0    13373    13359     -2   2884  -1745
34        2        2        4      0    13368    13350     16   2884  -1745
35        1        2        3      0    13372    13355      7   2885  -1745
36        2        2        4      0    13362    13364     17   2885  -1745
37        2        2        4      0    13380    13346    -43   2886  -1745
38        2        1        3     -1    13376    13351    -17   2884  -1745
39        2        1        3      0    13352    13377     11   2885  -1745
40        2        2        4      0    13363    13354     30   2885  -1745
41        1        2        3      0    13354    13382     -1   2884  -1745
42        2        1        3      0    13370    13371     58   2884  -1745
43        2        2        4      1    13357    13366    -34   2885  -1745
44        1        2        3      0    13337    13408     72   2885  -1745
45        1        2        3      1    13385    13337    -55   2886  -1745
46        2        2        4     -1    13361    13372    -44   2886  -1745
47        2        2        4      1    13364    13362     -2   2885  -1745
48        1        2        3      0    13358    13361    -24   2885  -1745
49        2        2        4      0    13376    13351    -19   2885  -1745
50        1        2        3      1    13376    13350    -31   2884  -1745
51        1        1        2      0    13329    13411     34   2883  -1745
52        2        2        4      1    13367    13350    -32   2884  -1745
53        1        2        3      0    13366    13342    -66   2884  -1745
54        1        2        3      1    13365    13360      8   2885  -1745
55        2        2        4      0    13370    13380    -24   2887  -1745
56        1        2        3      1    13372    13356     20   2887  -1745
57        2        2        4      1    13359    13363    -37   2887  -1745
58        1        1        2      0    13368    13380    -59   2887  -1745
59        2        2        4     -1    13361    13342    -37   2886  -1745
60        2        1        3      1    13379    13353    -46   2885  -1745
61        2        2        4     -1    13343    13377     10   2885  -1745
62        1        1        2      0    13366    13357     19   2886  -1745
63        2        2        4     -1    13326    13411     -1   2887  -1745
64        2        1        3     -1    13364    13376     -5   2888  -1745
65        2        1        3      0    13361    13388     13   2887  -1745
66        3        2        5     -1    13373    13346    -23   2887  -1745
67        2        1        3     -1    13354    13376     -1   2887  -1745
68        1        2        3      0    13382    13336    -31   2887  -1745
69        2        1        3     -1    13376    13328    -41   2886  -1745
70        2        1        3     -1    13380    13354     11   2885  -1745
71        2        2        4      1    13364    13350    -26   2886  -1745
72        2        1        3     -1    13396    13319    -31   2885  -1745
73        2        2        4      0    13362    13364     59   2886  -1745
74        1        1        2     -1    13368    13355    -20   2886  -1745
75        2        1        3      0    13365    13347    -30   2885  -1745
76        2        2        4     -1    13380    13331    -78   2884  -1745
77        2        1        3      0    13329    13408     46   2884  -1745
78        2        1        3      0    13379    13330    -22   2884  -1745
79        1        2        3     -1    13366    13356      2   2884  -1745
80        2        1        3      0    13381    13365    -17   2884  -1745
81        2        2        4     -1    13364    13363    -39   2884  -1745
82        2        1        3      1    13327    13410     56   2884  -1745
83        1        2        3      0    13353    13368     32   2886  -1745
84        2        2        4     -1    13358    13374    -28   2887  -1745
85        2        2        4      1    13382    13357    -39   2887  -1745
86        1        1        2      0    13372    13348    -11   2886  -1745
87        2        2        4     -1    13356    13378    -22   2885  -1745
88        1        2        3      1    13355    13383     54   2885  -1745
89        2        2        4      0    13379    13342    -28   2887  -1745
90        2        2        4      1    13375    13352    -55   2886  -1745
91        1        2        3      0    13383    13344    -32   2884  -1745
92        1        2        3      1    13376    13354    -14   2884  -1745
93        2        2        4      0    13352    13391     -9   2885  -1745
94        1        2        3      1    13365    13363    -60   2885  -1745
95        2        2        4      0    13342    13388     13   2885  -1745
96        1        2        3      1    13359    13378     46   2884  -1745
97        2        2        4      0    13383    13343    -49   2885  -1745
98        1        2        3      1    13365    13345     -8   2884  -1745
99        2        2        4      1    13379    13348    -58   2884  -1745
 0        1        2        3      0    13358    13364     36   2884  -1745
 1        1        1        2      1    13375    13352    -43   2884  -1745
 2        2        2        4     -1    13359    13380     58   2884  -1745
 3        2        2        4      1    13350    13382      8   2885  -1745
 4        2        1        3     -1    13375    13338    -19   2884  -1745
 5        2        1        3     -1    13346    13385     65   2882  -1745
 6        2        2        4      0    13380    13350     -3   2884  -1745
 7        2        1        3     -1    13355    13380     -7   2885  -1745
 8        1        1        2      0    13369    13328     14   2885  -1745
 9        2        2        4     -1    13348    13387     15   2886  -1745
10        2        1        3      0    13386    13334      5   2885  -1745
11        2        1        3     -1    13392    13333     18   2884  -1745
12        2        2        4     -1    13346    13392     19   2885  -1745
13        2        1        3     -1    13356    13393     21   2885  -1745
14        2        1        3      1    13369    13341     18   2886  -1745
15        2        2        4     -1    13373    13358     -4   2886  -1745
16        2        1        3     -1    13328    13412     65   2886  -1745
17        1        2        3      0    13382    13333    -73   2886  -1745
18        2        1        3      0    13358    13374     18   2885  -1745
19        1        2        3      0    13333    13382     32   2884  -1745
20        1        2        3      1    13349    13367     20   2884  -1745
21        1        2        3      1    13353    13376     51   2884  -1745
22        2        2        4      0    13360    13367      7   2885  -1745
23        1        1        2      1    13323    13426     24   2887  -1745
24        2        2        4      0    13376    13335     12   2887  -1745
25        1        2        3      1    13373    13358     -4   2886  -1745
26        2        2        4     -1    13378    13332    -35   2886  -1745
27        1        2        3      1    13368    13370     31   2886  -1745
28        2        2        4      0    13396    13308    -63   2886  -1745
29        2        2        4      1    13357    13360     47   2885  -1745
30        1        1        2     -1    13343    13383     47   2886  -1745
31        2        2        4      0    13354    13359     59   2887  -1745
32        2        1        3      0    13366    13345    -18   2888  -1745
33        1        2        3      0    13399    13320    -51   2887  -1745
34        2        1        3      1    13385    13345     -6   2885  -1745
35        1        2        3      0    13362    13371    -14   2886  -1745
36        2        2        4      1    13383    13352    -30   2887  -1745
37        1        3        4      0    13355    13362      8   2887  -1745
38        1        2        3      1    13388    13332     -2   2886  -1745
39        2        2        4      1    13369    13371     16   2886  -1745
40        1        2        3      1    13372    13356    -41   2886  -1745
41        1        2        3      0    13347    13389     39   2884  -1745
42        1        2        3      1    13388    13329      7   2885  -1745
43        2        2        4      0    13379    13346      3   2885  -1745
44        1        2        3      1    13389    13339     -5   2884  -1745
45        2        2        4      0    13373    13342    -55   2885  -1745
46        2        1        3     -1    13337    13396     54   2885  -1745
47        2        2        4      1    13349    13394     39   2887  -1745
48        1        2        3      0    13351    13388     28   2887  -1745
49        2        1        3      0    13400    13320    -37   2886  -1745
50        2        2        4      1    13330    13401     28   2886  -1745
51        1        2        3     -1    13368    13332     -1   2886  -1745
52        2        2        4      1    13339    13396    -16   2887  -1745
53        2        1        3      0    13367    13361    -42   2887  -1745
54        2        2        4     -1    13360    13370     17   2887  -1745
55        1        2        3      0    13390    13338     14   2885  -1745
56        2        1        3     -1    13368    13348    -40   2886  -1745
57        2        2        4      0    13367    13340    -19   2885  -1745
58        2        1        3     -1    13372    13362    -20   2885  -1745
59        2        2        4      0    13364    13355    -27   2886  -1745
60        2        1        3     -1    13355    13375     59   2885  -1745
61        2        2        4      1    13354    13386     30   2886  -1745
62        1        1        2     -1    13357    13362     23   2886  -1745
63        2        2        4      1    13385    13318    -68   2887  -1745
64        1        2        3      0    13373    13335    -69   2886  -1745
65        2        1        3      0    13365    13352    -13   2886  -1745
66        1        2        3      0    13359    13360     16   2886  -1745
67        2        2        4      0    13342    13401     65   2887  -1745
68        1        2        3      1    13361    13388     -7   2888  -1745
69        2        2        4      1    13353    13364     34   2888  -1745
70        1        2        3      0    13377    13333    -12   2888  -1745
71        1        1        2      1    13372    13357    -41   2888  -1745
72        2        2        4      0    13355    13376     20   2887  -1745
73        1        2        3      0    13358    13370      6   2887  -1745
74        1        2        3      1    13381    13344    -64   2888  -1745
75        1        2        3      1    13375    13345    -24   2886  -1745
76        2        2        4      1    13373    13366     20   2886  -1745
77        1        2        3      1    13360    13370     33   2886  -1745
78        1        2        3      0    13361    13363     16   2886  -1745
79        1        2        3      1    13365    13351    -20   2887  -1745
80        2        2        4      1    13377    13352    -12   2887  -1745
81        1        2        3      0    13361    13352    -14   2887  -1745
82        1        2        3      1    13369    13352    -15   2886  -1745
83        2        2        4      0    13371    13364     -6   2886  -1745
84        1        2        3      1    13397    13318    -30   2885  -1745
85        2        2        4      0    13329    13395     54   2885  -1745
86        2        2        4      0    13381    13329      5   2886  -1745
87        1        1        2      1    13365    13374      7   2886  -1745
88        2        2        4     -1    13360    13366     17   2886  -1745
89        2        2        4      0    13368    13362    -56   2888  -1745
90        2        2        4      0    13389    13336    -14   2886  -1745
91        2        1        3      1    13363    13361     24   2884  -1745
92        2        2        4     -1    13355    13365     45   2885  -1745
93        1        2        3      0    13386    13350     -9   2885  -1745
94        2        2        4      0    13351    13371    -24   2886  -1745
95        2        1        3      0    13360    13358    -17   2886  -1745
96        1        2        3      0    13374    13360     -6   2886  -1745
97        2        2        4      0    13345    13395     42   2886  -1745
98        2        1        3      0    13371    13356    -19   2885  -1745
99        1        2        3      0    13348    13386     18   2885  -1745
 0        2        2        4      0    13392    13331    -12   2884  -1745
 1        2        2        4      1    13371    13326    -14   2885  -1745
 2        1        2        3      0    13357    13362      8   2885  -1745
 3        1        2        3      1    13359    13370     10   2886  -1745
 4        2        2        4      0    13365    13362    -31   2887  -1745
 5        2        1        3     -1    13348    13381     57   2885  -1745
 6        2        2        4      1    13370    13350     28   2886  -1745
 7        1        1        2      0    13369    13374    -10   2886  -1745
 8        2        2        4      0    13365    13367    -23   2886  -1745
