24       -3       -1       -4      2    12547    12541     19    650  -3947
25       -4        0       -4      4    12543    12546      3    650  -3949
26       -3       -2       -5      1    12547    12549     18    650  -3949
27       -2       -1       -3      1    12548    12549     22    650  -3949
28       -4       -1       -5      3    12553    12533    -10    650  -3950
29       -3       -1       -4      2    12547    12541    -53    650  -3951
30       -2       -2       -4      0    12541    12546    -45    650  -3951
31       -3       -1       -4      2    12545    12548    -16    650  -3952
32       -3       -1       -4      2    12541    12551     23    650  -3953
33       -3       -2       -5      1    12547    12548     34    650  -3953
34       -3       -1       -4      2    12543    12546     43    650  -3954
35       -3       -2       -5      1    12544    12538     35    650  -3954
36       -2       -1       -3      1    12546    12549     44    650  -3954
37       -3       -2       -5      1    12544    12550     58    650  -3954
38       -3       -2       -5      1    12547    12546      6    651  -3954
39       -3       -1       -4      2    12545    12546     21    651  -3955
40       -2       -2       -4      0    12542    12546     16    651  -3955
41       -3       -1       -4      2    12550    12544     19    651  -3956
42       -3       -2       -5      1    12551    12545     10    651  -3956
43       -3       -1       -4      2    12545    12541     11    651  -3957
44       -3       -1       -4      2    12553    12543      1    651  -3958
45       -3       -2       -5      1    12548    12538    -58    651  -3958
46       -3       -1       -4      2    12545    12542    -74    651  -3959
47       -3       -2       -5      1    12543    12548    -65    651  -3959
48       -2       -1       -3      1    12542    12551    -39    651  -3959
49       -3       -2       -5      1    12542    12551     -8    651  -3959
50       -3       -1       -4      2    12552    12536    -39    651  -3960
51       -2       -2       -4      0    12547    12548    -74    651  -3960
52       -3       -1       -4      2    12556    12546    -26    650  -3961
53       -3       -2       -5      1    12543    12547     -5    650  -3961
54       -2       -2       -4      0    12543    12550     18    650  -3961
55       -3       -1       -4      2    12545    12547     30    650  -3962
56       -2       -2       -4      0    12546    12540     21    650  -3962
57       -3       -2       -5      1    12552    12538    -26    650  -3962
58       -2       -1       -3      1    12545    12540    -48    650  -3962
59       -3       -2       -5      1    12548    12544    -53    650  -3962
60       -3       -2       -5      1    12542    12546    -53    650  -3962
61       -3       -1       -4      2    12550    12550    -55    650  -3963
62       -2       -2       -4      0    12558    12535    -59    650  -3963
63       -3       -2       -5      1    12546    12550    -28    650  -3963
64       -2       -1       -3      1    12544    12552      7    650  -3963
65       -3       -2       -5      1    12542    12552     41    650  -3963
66       -2       -1       -3      1    12546    12550     53    650  -3963
67       -2       -2       -4      0    12548    12544     55    650  -3963
68       -3       -2       -5      1    12544    12540     40    650  -3963
69       -2       -2       -4      0    12544    12540     17    650  -3963
70       -3       -2       -5      1    12546    12548     25    650  -3963
71       -2       -2       -4      0    12545    12546     24    650  -3963
72       -3       -2       -5      1    12544    12543     20    650  -3963
73       -2       -2       -4      0    12544    12546     39    650  -3963
74       -3       -2       -5      1    12546    12550     45    650  -3963
75       -2       -2       -4      0    12546    12545     42    650  -3963
76       -3       -2       -5      1    12544    12544     24    650  -3963
77       -2       -1       -3      1    12544    12542     -1    650  -3963
78       -2       -2       -4      0    12542    12544     -2    650  -3963
79       -3       -2       -5      1    12538    12548     15    650  -3963
80       -2       -2       -4      0    12550    12548      2    650  -3963
81       -2       -2       -4      0    12540    12546     13    650  -3963
82       -2       -3       -5     -1    12546    12545      6    650  -3963
83       -2       -2       -4      0    12543    12551     18    650  -3963
84       -2       -2       -4      0    12545    12552     49    650  -3963
85       -2       -2       -4      0    12542    12552      6    651  -3963
86       -1       -3       -4     -2    12542    12551     35    651  -3962
87       -2       -2       -4      0    12545    12549     67    651  -3962
88       -2       -2       -4      0    12545    12547     -2    652  -3962
89       -2       -3       -5     -1    12545    12548     24    652  -3962
90       -2       -2       -4      0    12546    12546     15    652  -3962
91       -1       -2       -3     -1    12553    12546     -3    652  -3962
92       -2       -2       -4      0    12559    12528    -51    652  -3962
93       -2       -3       -5     -1    12559    12534    -14    651  -3962
94       -2       -2       -4      0    12542    12552      5    651  -3962
95       -2       -2       -4      0    12542    12556     38    651  -3962
96       -2       -2       -4      0    12547    12548     66    651  -3962
97       -2       -2       -4      0    12543    12548     71    651  -3962
98       -2       -2       -4      0    12549    12546     63    651  -3962
99       -2       -3       -5     -1    12550    12533     17    651  -3962
 0       -3       -2       -5      1    12560    12537    -51    651  -3962
 1       -2       -2       -4      0    12546    12542    -10    650  -3962
 2       -2       -2       -4      0    12556    12538    -59    650  -3962
 3       -3       -2       -5      1    12546    12550    -55    650  -3962
 4       -2       -2       -4      0    12548    12546    -45    650  -3962
 5       -3       -2       -5      1    12542    12552    -18    650  -3962
 6       -2       -1       -3      1    12544    12554     14    650  -3962
 7       -2       -2       -4      0    12543    12552     56    650  -3962
 8       -3       -2       -5      1    12540    12546      7    651  -3962
 9       -2       -2       -4      0    12550    12544    -14    651  -3962
10       -2       -2       -4      0    12548    12539    -50    651  -3962
11       -3       -2       -5      1    12554    12548    -65    651  -3962
12       -2       -1       -3      1    12552    12540    -58    651  -3962
13       -3       -2       -5      1    12540    12556     -6    651  -3962
14       -2       -2       -4      0    12540    12550     37    651  -3962
15       -3       -1       -4      2    12544    12552      0    652  -3963
16       -2       -2       -4      0    12546    12548     33    652  -3963
17       -2       -2       -4      0    12546    12551     34    652  -3963
18       -3       -2       -5      1    12544    12546     42    652  -3963
19       -2       -2       -4      0    12548    12549     53    652  -3963
20       -2       -2       -4      0    12549    12545     39    652  -3963
21       -2       -2       -4      0    12544    12550     38    652  -3963
22       -2       -2       -4      0    12548    12546     33    652  -3963
23       -2       -2       -4      0    12548    12544     46    652  -3963
24       -3       -2       -5      1    12538    12546     -1    653  -3963
25       -2       -2       -4      0    12547    12542     -3    653  -3963
26       -2       -2       -4      0    12553    12538    -20    653  -3963
27       -2       -2       -4      0    12554    12537    -10    652  -3963
28       -2       -2       -4      0    12561    12542    -59    652  -3963
29       -3       -2       -5      1    12546    12546      2    651  -3963
30       -2       -2       -4      0    12540    12550     24    651  -3963
31       -2       -2       -4      0    12547    12550     41    651  -3963
32       -2       -2       -4      0    12542    12544     52    651  -3963
33       -2       -2       -4      0    12543    12548     62    651  -3963
34       -3       -2       -5      1    12542    12546      1    652  -3963
35       -2       -2       -4      0    12550    12544    -36    652  -3963
36       -2       -2       -4      0    12548    12546     -5    651  -3963
37       -3       -2       -5      1    12550    12541    -42    651  -3963
38       -3       -1       -4      2    12552    12544      1    650  -3964
39       -2       -2       -4      0    12546    12540    -25    650  -3964
40       -2       -2       -4      0    12544    12552     -4    650  -3964
41       -3       -2       -5      1    12540    12550     32    650  -3964
42       -2       -2       -4      0    12545    12547     67    650  -3964
43       -2       -3       -5     -1    12541    12547      6    651  -3964
44       -2       -2       -4      0    12542    12555     47    651  -3964
45       -2       -2       -4      0    12544    12550      1    652  -3964
46       -2       -2       -4      0    12548    12552     24    652  -3964
47       -2       -2       -4      0    12545    12547     35    652  -3964
48       -2       -2       -4      0    12548    12544     39    652  -3964
49       -2       -3       -5     -1    12545    12549     35    652  -3964
50       -2       -2       -4      0    12545    12544     29    652  -3964
51       -2       -2       -4      0    12545    12541     24    652  -3964
52       -2       -2       -4      0    12551    12540     18    652  -3964
53       -2       -2       -4      0    12545    12536      5    652  -3964
54       -2       -3       -5     -1    12543    12545     14    652  -3964
55       -2       -2       -4      0    12541    12554     38    652  -3964
56       -2       -2       -4      0    12542    12552     61    652  -3964
57       -2       -2       -4      0    12548    12545      2    653  -3964
58       -2       -2       -4      0    12550    12542    -18    653  -3964
59       -2       -2       -4      0    12544    12543    -33    653  -3964
60       -2       -3       -5     -1    12554    12533     -4    652  -3964
61       -1       -2       -3     -1    12555    12541    -29    652  -3964
62       -3       -2       -5      1    12556    12537    -68    652  -3964
63       -2       -2       -4      0    12548    12542     -2    651  -3964
64       -2       -2       -4      0    12548    12548     -8    651  -3964
65       -2       -3       -5     -1    12545    12551      7    651  -3964
66       -2       -2       -4      0    12548    12545     14    651  -3964
67       -2       -2       -4      0    12543    12547     55    651  -3964
68       -2       -2       -4      0    12550    12548     58    651  -3964
69       -2       -2       -4      0    12552    12543     51    651  -3964
70       -2       -2       -4      0    12553    12545     42    651  -3964
71       -2       -3       -5     -1    12555    12531    -15    651  -3964
72       -3       -2       -5      1    12555    12525      3    650  -3964
73       -2       -2       -4      0    12548    12538    -18    650  -3964
74       -2       -2       -4      0    12548    12537    -41    650  -3964
75       -2       -2       -4      0    12539    12542    -57    650  -3964
76       -2       -3       -5     -1    12548    12552    -57    650  -3964
77       -3       -2       -5      1    12550    12548    -51    650  -3964
78       -2       -2       -4      0    12544    12552    -34    650  -3964
79       -2       -2       -4      0    12542    12548     -5    650  -3964
80       -2       -2       -4      0    12547    12554     16    650  -3964
81       -2       -2       -4      0    12544    12544     34    650  -3964
82       -3       -3       -6      0    12546    12550     46    650  -3964
83       -2       -2       -4      0    12544    12538     41    650  -3964
84       -2       -2       -4      0    12548    12543     29    650  -3964
85       -2       -2       -4      0    12544    12542     19    650  -3964
86       -2       -3       -5     -1    12542    12553     41    650  -3964
87       -2       -2       -4      0    12545    12558      5    651  -3964
88       -2       -2       -4      0    12544    12546     14    651  -3964
89       -2       -2       -4      0    12547    12551     19    651  -3964
90       -3       -2       -5      1    12548    12555     22    651  -3964
91       -2       -2       -4      0    12544    12550     20    651  -3964
92       -2       -2       -4      0    12548    12552     31    651  -3964
93       -2       -2       -4      0    12542    12552     58    651  -3964
94       -2       -2       -4      0    12551    12541    -12    652  -3964
95       -3       -2       -5      1    12552    12538    -51    652  -3964
96       -2       -3       -5     -1    12551    12545    -13    651  -3964
97       -2       -2       -4      0    12545    12549    -44    651  -3964
98       -3       -2       -5      1    12550    12550    -50    651  -3964
99       -2       -2       -4      0    12546    12551    -43    651  -3964
 0       -2       -1       -3      1    12547    12550    -23    651  -3964
 1       -3       -2       -5      1    12544    12556     -3    651  -3964
 2       -2       -2       -4      0    12550    12532     -8    651  -3964
 3       -2       -2       -4      0    12542    12557     47    651  -3964
 4       -2       -2       -4      0    12545    12549     77    651  -3964
 5       -2       -2       -4      0    12551    12546     -6    652  -3964
 6       -3       -3       -6      0    12550    12550     -2    652  -3964
 7       -2       -2       -4      0    12548    12544      2    652  -3964
 8       -2       -2       -4      0    12542    12545     -5    652  -3964
 9       -3       -2       -5      1    12548    12546     -8    652  -3964
10       -2       -2       -4      0    12552    12546    -14    652  -3964
11       -2       -2       -4      0    12549    12550    -10    652  -3964
12       -3       -2       -5      1    12560    12532    -60    652  -3964
13       -2       -2       -4      0    12550    12547      0    651  -3964
14       -2       -2       -4      0    12554    12539    -37    651  -3964
15       -3       -2       -5      1    12548    12547    -26    651  -3964
16       -2       -2       -4      0    12549    12540    -55    651  -3964
17       -7        3       -4     10    12544    12541      0    650  -3969
18      -10        5       -5     15    12544    12552    -11    650  -3977
19      -18       14       -4     32    12552    12546    -11    650  -3995
20      -21       16       -5     37    12536    12555     43    650  -4016
21      -12        9       -3     21    12547    12549     59    650  -4028
22      -11        7       -4     18    12555    12536    -62    651  -4038
23      -10        5       -5     15    12543    12535    -19    650  -4046
24       -9        4       -5     13    12551    12536    -61    650  -4053
25       -7        3       -4     10    12543    12550     11    649  -4058
26       -6        2       -4      8    12544    12554     28    649  -4062
27       -6        2       -4      8    12537    12553     77    649  -4066
28       -6        1       -5      7    12541    12555     42    650  -4070
29       -5        1       -4      6    12538    12550     -1    651  -4073
30       -5        1       -4      6    12547    12554     29    651  -4076
