65       -5        1       -4      6    12551    12555     12    659  -1558
66       -5        1       -4      6    12551    12562     33    659  -1561
67       -5        0       -5      5    12552    12556     64    659  -1563
68       -4        1       -3      5    12554    12558     -3    660  -1565
69       -5        0       -5      5    12554    12544    -16    660  -1567
70       -4        0       -4      4    12558    12548    -57    660  -1569
71       -4        0       -4      4    12554    12552    -70    660  -1571
72       -4        0       -4      4    12554    12556     13    659  -1573
73       -4       -1       -5      3    12550    12549     18    659  -1574
74       -4        0       -4      4    12560    12547    -15    659  -1576
75       -4       -1       -5      3    12553    12551    -42    659  -1577
76       -3       -1       -4      2    12549    12549    -68    659  -1578
77       -3        0       -3      3    12559    12555    -20    658  -1579
78       -4       -1       -5      3    12557    12564     13    658  -1580
79       -3       -1       -4      2    12560    12555     26    658  -1581
80       -3       -1       -4      2    12551    12557     47    658  -1582
81       -3       -1       -4      2    12544    12554     10    659  -1583
82       -3       -1       -4      2    12559    12550      7    659  -1584
83       -3       -2       -5      1    12563    12544    -42    659  -1584
84       -3       -1       -4      2    12557    12558    -73    659  -1585
85       -3       -1       -4      2    12546    12560    -49    659  -1586
86       -3       -1       -4      2    12552    12548    -38    659  -1587
87       -3       -2       -5      1    12559    12549    -77    659  -1587
88       -3       -1       -4      2    12561    12560      2    658  -1588
89       -3       -1       -4      2    12562    12554    -31    658  -1589
90       -3       -1       -4      2    12558    12553    -53    658  -1590
91       -3       -1       -4      2    12554    12560    -34    658  -1591
92       -3       -1       -4      2    12548    12552     -3    658  -1592
93       -3       -2       -5      1    12549    12555     36    658  -1592
94       -2       -1       -3      1    12556    12554     41    658  -1592
95       -3       -2       -5      1    12553    12548     22    658  -1592
96       -3       -1       -4      2    12553    12552      1    658  -1593
97       -2       -2       -4      0    12550    12557     22    658  -1593
98       -3       -1       -4      2    12546    12567     70    658  -1594
99       -3       -1       -4      2    12552    12563     28    659  -1595
 0       -2       -1       -3      1    12544    12561      0    660  -1595
 1       -3       -2       -5      1    12552    12555     22    660  -1595
 2       -3       -1       -4      2    12558    12555     34    660  -1596
 3       -2       -2       -4      0    12552    12552     50    660  -1596
 4       -2       -2       -4      0    12558    12560     70    660  -1596
 5       -2       -1       -3      1    12554    12558     -6    661  -1596
 6       -2       -2       -4      0    12557    12548     -8    661  -1596
 7       -3       -2       -5      1    12552    12550    -31    661  -1596
 8       -2       -3       -5     -1    12547    12545    -72    661  -1596
 9       -2       -2       -4      0    12544    12547    -12    660  -1596
10       -2       -2       -4      0    12564    12549    -56    660  -1596
11       -2       -1       -3      1    12554    12558      2    659  -1596
12       -3       -2       -5      1    12556    12560     14    659  -1596
13       -2       -2       -4      0    12553    12558     42    659  -1596
14       -2       -2       -4      0    12550    12559     74    659  -1596
15       -2       -2       -4      0    12546    12552     -2    660  -1596
16       -3       -2       -5      1    12556    12546    -44    660  -1596
17       -3       -1       -4      2    12556    12550     -1    659  -1597
18       -2       -1       -3      1    12558    12551    -21    659  -1597
19       -3       -2       -5      1    12552    12556    -32    659  -1597
20       -2       -2       -4      0    12550    12550    -19    659  -1597
21       -3       -1       -4      2    12546    12553     -9    659  -1598
22       -2       -2       -4      0    12556    12550    -18    659  -1598
23       -3       -1       -4      2    12550    12552    -28    659  -1599
24       -2       -2       -4      0    12554    12554    -22    659  -1599
25       -3       -2       -5      1    12554    12552    -29    659  -1599
26       -2       -1       -3      1    12560    12550    -68    659  -1599
27       -3       -2       -5      1    12554    12548    -18    658  -1599
28       -2       -1       -3      1    12550    12555    -16    658  -1599
29       -3       -2       -5      1    12548    12554    -13    658  -1599
30       -3       -2       -5      1    12555    12554      8    658  -1599
31       -2       -1       -3      1    12548    12554     13    658  -1599
32       -2       -2       -4      0    12562    12548    -13    658  -1599
33       -3       -2       -5      1    12548    12559     26    658  -1599
34       -2       -1       -3      1    12550    12556      3    659  -1599
35       -3       -2       -5      1    12552    12556     16    659  -1599
36       -2       -2       -4      0    12554    12564     38    659  -1599
37       -3       -1       -4      2    12549    12559     69    659  -1600
38       -2       -2       -4      0    12554    12554     74    659  -1600
39       -3       -1       -4      2    12556    12550    -14    660  -1601
40       -2       -2       -4      0    12556    12542    -57    660  -1601
41       -3       -2       -5      1    12564    12546    -34    659  -1601
42       -2       -2       -4      0    12558    12546      0    658  -1601
43       -3       -2       -5      1    12554    12548    -24    658  -1601
44       -2       -1       -3      1    12552    12557    -17    658  -1601
45       -2       -2       -4      0    12552    12558      7    658  -1601
46       -3       -2       -5      1    12544    12556     44    658  -1601
47       -2       -1       -3      1    12554    12562     77    658  -1601
48       -2       -2       -4      0    12557    12556      9    659  -1601
49       -3       -2       -5      1    12554    12548    -20    659  -1601
50       -2       -2       -4      0    12562    12550    -69    659  -1601
51       -3       -1       -4      2    12548    12560     31    658  -1602
52       -2       -2       -4      0    12556    12554     53    658  -1602
53       -2       -2       -4      0    12552    12556      2    659  -1602
54       -2       -2       -4      0    12551    12552      7    659  -1602
55       -3       -1       -4      2    12554    12562     10    659  -1603
56       -2       -2       -4      0    12555    12559     23    659  -1603
57       -3       -2       -5      1    12552    12558     46    659  -1603
58       -2       -1       -3      1    12551    12558     60    659  -1603
59       -2       -2       -4      0    12550    12560      5    660  -1603
60       -2       -2       -4      0    12556    12563     25    660  -1603
61       -3       -2       -5      1    12550    12560     45    660  -1603
62       -2       -2       -4      0    12555    12550     37    660  -1603
63       -2       -2       -4      0    12555    12561     54    660  -1603
64       -2       -2       -4      0    12552    12552     61    660  -1603
65       -2       -2       -4      0    12558    12548      1    661  -1603
66       -2       -2       -4      0    12555    12555     20    661  -1603
67       -2       -2       -4      0    12554    12548     22    661  -1603
68       -2       -2       -4      0    12558    12548     -6    661  -1603
69       -2       -2       -4      0    12556    12551     -9    661  -1603
70       -2       -2       -4      0    12551    12553    -29    661  -1603
71       -2       -2       -4      0    12555    12548    -37    661  -1603
72       -2       -2       -4      0    12558    12548    -33    661  -1603
73       -2       -2       -4      0    12558    12548    -49    661  -1603
74       -2       -3       -5     -1    12551    12545    -76    661  -1603
75       -3       -2       -5      1    12554    12544    -40    660  -1603
76       -2       -2       -4      0    12554    12548    -59    660  -1603
77       -2       -1       -3      1    12556    12548    -57    660  -1603
78       -3       -2       -5      1    12546    12552    -71    660  -1603
79       -2       -1       -3      1    12544    12560    -51    660  -1603
80       -3       -2       -5      1    12550    12556    -30    660  -1603
81       -2       -1       -3      1    12548    12562      3    660  -1603
82       -3       -2       -5      1    12554    12552     45    660  -1603
83       -2       -2       -4      0    12550    12558     15    661  -1603
84       -2       -1       -3      1    12548    12556     39    661  -1603
85       -2       -2       -4      0    12556    12554     46    661  -1603
86       -2       -2       -4      0    12550    12554     59    661  -1603
87       -3       -2       -5      1    12555    12552     67    661  -1603
88       -2       -2       -4      0    12560    12558     71    661  -1603
89       -3       -2       -5      1    12552    12552      4    662  -1603
90       -2       -1       -3      1    12558    12554    -25    662  -1603
91       -3       -2       -5      1    12556    12554    -30    662  -1603
92       -2       -2       -4      0    12558    12550    -31    662  -1603
93       -3       -1       -4      2    12556    12556    -31    662  -1604
94       -2       -2       -4      0    12556    12553    -46    662  -1604
95       -2       -1       -3      1    12555    12548    -64    662  -1604
96       -3       -2       -5      1    12556    12552    -12    661  -1604
97       -2       -2       -4      0    12550    12558      1    661  -1604
98       -3       -1       -4      2    12548    12560     29    661  -1605
99       -2       -3       -5     -1    12560    12566     52    661  -1605
 0       -2       -2       -4      0    12558    12552     31    661  -1605
 1       -1       -2       -3     -1    12551    12546     18    661  -1605
 2       -2       -3       -5     -1    12560    12537    -52    661  -1605
 3       -2       -3       -5     -1    12556    12543    -21    660  -1605
 4      -10        6       -4     16    12552    12558      9    659  -1614
 5      -10        6       -4     16    12552    12564     17    659  -1623
 6      -10        6       -4     16    12552    12559     38    659  -1632
 7      -10        6       -4     16    12550    12556     69    659  -1641
 8       -9        5       -4     14    12557    12555      2    660  -1649
 9       -9        5       -4     14    12554    12550      7    660  -1657
10       -8        4       -4     12    12558    12550    -11    660  -1664
11       -8        3       -5     11    12557    12549    -26    660  -1670
12       -7        3       -4     10    12563    12545    -69    660  -1675
