79        2        2        4      1    13337    13343    -13   1442  -1633
80        3        2        5     -1    13330    13345     25   1442  -1633
81        2        3        5      0    13336    13347     54   1442  -1633
82        3        2        5     -1    13340    13344      5   1443  -1633
83        3        2        5      0    13344    13339    -24   1443  -1633
84        2        2        4     -1    13336    13337    -45   1443  -1633
85        3        2        5     -1    13342    13338    -55   1443  -1633
86        3        2        5      0    13339    13332    -72   1443  -1633
87        2        2        4     -1    13342    13341    -69   1443  -1633
88        3        2        5      0    13337    13346     31   1442  -1633
89        2        2        4      0    13334    13349     62   1442  -1633
90        2        3        5      0    13342    13340      4   1443  -1633
91        2        2        4      0    13342    13346      6   1443  -1633
92        3        3        6      1    13337    13345      3   1443  -1633
93        2        2        4     -1    13342    13345     19   1443  -1633
94        3        2        5      1    13340    13336     18   1443  -1633
95        2        3        5     -1    13344    13335    -23   1443  -1633
96        2        2        4      1    13350    13339    -66   1443  -1633
97        2        3        5      0    13342    13343      5   1442  -1633
98        3        3        6      1    13335    13347     23   1442  -1633
99        2        2        4      0    13332    13349     62   1442  -1633
 0        2        3        5      1    13333    13345     40   1443  -1633
 1        2        3        5      0    13340    13345     76   1443  -1633
 2        2        3        5      1    13344    13336     -6   1444  -1633
 3        2        2        4      1    13344    13344     -3   1444  -1633
 4        2        3        5      0    13346    13338    -22   1444  -1633
 5        2        3        5      1    13340    13337    -43   1444  -1633
 6        2        3        5      1    13348    13330      0   1443  -1633
 7        2        2        4      0    13342    13337    -13   1443  -1633
 8        2        3        5      1    13346    13335    -49   1443  -1633
 9        2        2        4      1    13334    13345    -32   1442  -1633
10        2        3        5      0    13338    13339    -40   1442  -1633
11        2        3        5      1    13336    13341    -32   1442  -1633
12        2        2        4      0    13342    13337    -32   1442  -1633
13        2        3        5      1    13340    13339     -8   1442  -1633
14        3        2        5      0    13339    13338    -12   1442  -1633
15        2        3        5      1    13340    13343    -16   1442  -1633
16        2        2        4      0    13340    13341      5   1442  -1633
17        2        3        5      0    13338    13345     39   1442  -1633
18        2        2        4      1    13346    13337     21   1442  -1633
19        2        3        5      0    13348    13329    -48   1442  -1633
20        2        2        4      1    13344    13343      5   1441  -1633
21        2        3        5      0    13334    13347     44   1441  -1633
22        3        3        6      1    13335    13347     21   1442  -1633
23        2        2        4      1    13334    13345     58   1442  -1633
24        2        3        5      0    13343    13339     -2   1443  -1633
25        2        3        5      0    13352    13331    -62   1443  -1633
26        2        2        4      0    13337    13343     -8   1442  -1633
27        3        3        6      1    13338    13347     31   1442  -1633
28        2        2        4     -1    13336    13341      7   1443  -1633
29        2        3        5      1    13340    13343     -2   1443  -1633
30        2        2        4      0    13336    13343     31   1443  -1633
31        2        3        5      2    13337    13343     73   1443  -1634
32        2        3        5      0    13346    13337    -13   1444  -1634
33        2        2        4      1    13352    13329    -75   1444  -1634
34        2        3        5      0    13354    13331    -61   1443  -1634
35        2        3        5      1    13340    13341      9   1442  -1634
36        2        2        4      1    13337    13345     33   1442  -1634
37        2        3        5      1    13347    13339     47   1442  -1634
38        2        3        5      1    13334    13347     65   1442  -1634
39        1        2        3      1    13338    13347     17   1443  -1634
40        2        3        5      0    13332    13343     70   1443  -1634
41        2        3        5      1    13342    13335    -11   1444  -1634
42        3        2        5      1    13354    13337    -52   1444  -1634
43        2        3        5     -1    13346    13339    -19   1443  -1634
44        2        2        4      1    13346    13339    -58   1443  -1634
45        3        3        6      0    13346    13335    -14   1442  -1634
46        2        2        4      1    13344    13339    -32   1442  -1634
47        2        3        5     -1    13354    13331    -75   1442  -1634
48        2        3        5      1    13336    13353     46   1441  -1634
49        2        2        4      1    13338    13349     11   1442  -1634
50        2        3        5      0    13336    13345     27   1442  -1634
51        2        3        5      1    13336    13347     47   1442  -1634
52        2        2        4      1    13333    13353     36   1443  -1634
53        2        3        5      0    13334    13349     35   1444  -1634
54        2        3        5      1    13336    13349     30   1445  -1634
55        3        2        5      0    13352    13333     23   1445  -1634
56        2        3        5      0    13342    13339    -26   1445  -1634
57        2        2        4      1    13344    13333    -78   1445  -1634
58        2        3        5      0    13340    13337    -23   1444  -1634
59        2        2        4      1    13340    13347    -55   1444  -1634
60        2        3        5      0    13342    13333    -67   1444  -1634
61        3        2        5      0    13347    13343     -4   1443  -1634
62        2        3        5      0    13342    13344     11   1443  -1634
63        3        2        5      0    13342    13345     19   1443  -1634
64        2        2        4      0    13338    13347     24   1443  -1634
65        3        3        6     -1    13335    13340     50   1443  -1634
66        2        2        4      0    13344    13341     61   1443  -1634
67        3        3        6      1    13342    13337     59   1443  -1634
68        2        2        4     -1    13342    13338     46   1443  -1634
69        2        2        4      1    13340    13339     31   1443  -1634
70        2        3        5      0    13332    13345      3   1444  -1634
71        2        3        5      1    13336    13343     33   1444  -1634
72        2        2        4      1    13336    13343     44   1444  -1634
73        2        3        5      0    13340    13333     36   1444  -1634
74        2        2        4      1    13341    13339     22   1444  -1634
75        2        3        5      0    13340    13335      1   1444  -1634
76        2        3        5      1    13340    13341    -38   1444  -1634
77        3        2        5      0    13338    13345    -33   1444  -1634
78        2        3        5      0    13340    13335    -30   1444  -1634
79        2        2        4      0    13341    13343     -5   1443  -1634
80        3        2        5     -1    13341    13344     -9   1443  -1634
81        2        2        4      1    13336    13344     -6   1443  -1634
82        2        3        5      0    13336    13345     11   1443  -1634
83        3        2        5      0    13336    13345     39   1443  -1634
84        2        3        5      0    13335    13346     77   1443  -1634
85        2        2        4      0    13338    13337      1   1444  -1634
86        2        3        5      1    13336    13345      2   1444  -1634
87        3        2        5      0    13338    13337      1   1444  -1634
88        2        3        5      0    13338    13343     36   1444  -1634
89        2        2        4      0    13334    13344     42   1444  -1634
90        3        2        5      0    13338    13339     38   1444  -1634
