79       -1       -3       -4     -2    12567    12559    -55    658   -654
80        0       -4       -4     -4    12560    12552    -34    657   -652
81       -1       -4       -5     -3    12559    12569    -35    657   -651
82        0       -3       -3     -3    12555    12563    -17    657   -650
83       -1       -3       -4     -2    12551    12556     25    657   -649
84       -1       -4       -5     -3    12553    12560     59    657   -648
85       -1       -3       -4     -2    12561    12559     13    658   -647
86       -2       -3       -5     -1    12546    12558     25    658   -647
87       -1       -2       -3     -1    12557    12559     33    658   -647
88       -1       -3       -4     -2    12555    12565     24    658   -646
89       -2       -3       -5     -1    12564    12563     18    658   -646
90       -1       -3       -4     -2    12552    12562     18    658   -645
91       -1       -3       -4     -2    12557    12549      3    658   -644
92       -1       -4       -5     -3    12558    12554     -7    658   -643
93        0       -3       -3     -3    12556    12549    -33    658   -642
94       -1       -4       -5     -3    12556    12556    -40    658   -641
95        0       -4       -4     -4    12554    12557    -29    658   -639
96       -1       -4       -5     -3    12559    12563    -42    658   -638
97        0       -3       -3     -3    12561    12557    -46    658   -637
98       -1       -4       -5     -3    12552    12554    -47    658   -636
99       -1       -3       -4     -2    12549    12561    -46    658   -635
 0       -1       -3       -4     -2    12550    12564    -18    658   -634
 1       -1       -3       -4     -2    12551    12554     -1    658   -633
 2       -1       -3       -4     -2    12557    12563     -9    658   -632
 3       -2       -2       -4      0    12553    12548    -12    658   -632
 4       -1       -3       -4     -2    12550    12567     19    658   -631
 5       -1       -3       -4     -2    12554    12570     47    658   -630
 6       -2       -3       -5     -1    12560    12550     61    658   -630
 7       -1       -3       -4     -2    12555    12555     18    659   -629
 8       -1       -2       -3     -1    12563    12541    -28    659   -629
 9       -2       -3       -5     -1    12558    12548    -21    659   -629
10       -2       -2       -4      0    12555    12565     -5    659   -629
11       -2       -2       -4      0    12560    12562     -4    659   -629
12       -2       -3       -5     -1    12554    12544    -27    659   -629
13       -2       -2       -4      0    12559    12552    -49    659   -629
14       -1       -2       -3     -1    12553    12555    -34    659   -629
15       -2       -3       -5     -1    12551    12544    -43    659   -629
16       -2       -3       -5     -1    12551    12557    -20    659   -629
17       -1       -2       -3     -1    12558    12544    -29    659   -629
18       -1       -3       -4     -2    12557    12555    -31    659   -628
19       -2       -3       -5     -1    12563    12559    -44    659   -628
20       -1       -2       -3     -1    12559    12544    -40    658   -628
21       -2       -3       -5     -1    12562    12559    -15    657   -628
22       -2       -2       -4      0    12574    12540    -60    657   -628
23       -2       -2       -4      0    12549    12567     23    656   -628
24       -2       -3       -5     -1    12560    12561     16    656   -628
25       -2       -2       -4      0    12555    12568     25    656   -628
26       -1       -3       -4     -2    12554    12554     26    656   -627
27       -2       -2       -4      0    12555    12551     23    656   -627
28       -1       -3       -4     -2    12560    12542    -39    656   -626
29       -1       -3       -4     -2    12559    12562    -28    656   -625
30       -2       -3       -5     -1    12565    12549    -59    656   -625
31       -2       -2       -4      0    12564    12568    -64    656   -625
32       -1       -3       -4     -2    12565    12555    -71    656   -624
33       -2       -2       -4      0    12560    12567    -36    656   -624
34       -2       -2       -4      0    12555    12567    -13    656   -624
35       -2       -3       -5     -1    12562    12555     -6    656   -624
36       -2       -2       -4      0    12551    12549    -14    656   -624
37       -1       -3       -4     -2    12555    12550    -12    656   -623
38       -2       -2       -4      0    12547    12548     -6    656   -623
39       -2       -3       -5     -1    12554    12564     49    656   -623
40       -1       -2       -3     -1    12561    12553     59    656   -623
41       -2       -3       -5     -1    12558    12564      7    657   -623
42       -2       -2       -4      0    12549    12539     15    657   -623
43       -2       -2       -4      0    12555    12554     16    657   -623
44       -2       -2       -4      0    12553    12541     10    657   -623
45       -2       -2       -4      0    12560    12560     -1    657   -623
46       -2       -2       -4      0    12552    12561     23    657   -623
47       -2       -3       -5     -1    12550    12569     45    657   -623
48       -2       -2       -4      0    12551    12558     76    657   -623
49       -1       -3       -4     -2    12555    12557     22    658   -622
50       -2       -2       -4      0    12553    12567     67    658   -622
51       -2       -2       -4      0    12554    12561     -9    659   -622
52       -2       -2       -4      0    12565    12558    -55    659   -622
53       -3       -2       -5      1    12561    12547    -15    658   -622
54       -2       -2       -4      0    12560    12546    -66    658   -622
55       -2       -2       -4      0    12554    12544    -13    657   -622
56       -2       -2       -4      0    12556    12567     -7    657   -622
57       -2       -3       -5     -1    12554    12552    -24    657   -622
58       -2       -2       -4      0    12542    12556    -19    657   -622
59       -2       -2       -4      0    12550    12562      8    657   -622
60       -2       -3       -5     -1    12554    12540    -15    657   -622
61       -2       -1       -3      1    12554    12550    -13    657   -622
62       -2       -2       -4      0    12558    12563    -33    657   -622
63       -3       -2       -5      1    12550    12544    -64    657   -622
64       -2       -2       -4      0    12558    12555    -59    657   -622
65       -2       -2       -4      0    12564    12561    -47    657   -622
66       -2       -2       -4      0    12549    12551    -54    657   -622
67       -2       -3       -5     -1    12558    12548    -59    657   -622
68       -2       -2       -4      0    12552    12542    -76    657   -622
69       -2       -2       -4      0    12559    12546     -5    656   -622
70       -2       -1       -3      1    12560    12549    -34    656   -622
71       -3       -2       -5      1    12558    12551    -54    656   -622
72       -3       -2       -5      1    12556    12546    -75    656   -622
73       -2       -2       -4      0    12552    12545     14    655   -622
74       -2       -2       -4      0    12550    12554     14    655   -622
75       -2       -2       -4      0    12553    12554     20    655   -622
76       -2       -2       -4      0    12546    12554     27    655   -622
77       -2       -2       -4      0    12543    12564     66    655   -622
78       -3       -2       -5      1    12544    12553     77    656   -622
79       -2       -2       -4      0    12557    12553     46    657   -622
80       -3       -2       -5      1    12552    12572     27    658   -622
81       -2       -2       -4      0    12550    12564     74    658   -622
82       -2       -2       -4      0    12563    12561      5    659   -622
83       -2       -2       -4      0    12551    12569     50    659   -622
84       -2       -2       -4      0    12556    12572     61    659   -622
85       -2       -3       -5     -1    12552    12572     71    659   -622
86       -2       -2       -4      0    12559    12558      4    660   -622
87       -2       -2       -4      0    12553    12550     22    660   -622
88       -2       -2       -4      0    12561    12559     20    660   -622
89       -3       -2       -5      1    12552    12558    -13    660   -622
90       -2       -2       -4      0    12562    12554    -70    660   -622
91       -2       -2       -4      0    12562    12545    -30    659   -622
92       -2       -2       -4      0    12567    12553      5    658   -622
93       -2       -3       -5     -1    12560    12554    -54    658   -622
94       -2       -2       -4      0    12546    12571    -40    658   -622
95       -2       -2       -4      0    12553    12561    -35    658   -622
96       -2       -1       -3      1    12561    12569    -22    658   -622
97       -3       -2       -5      1    12557    12568     21    658   -622
98       -2       -2       -4      0    12557    12564     50    658   -622
99       -2       -2       -4      0    12551    12558     31    658   -622
 0       -2       -2       -4      0    12553    12564     70    658   -622
 1       -2       -3       -5     -1    12558    12554     -8    659   -622
 2       -2       -2       -4      0    12560    12546    -33    659   -622
 3       -2       -2       -4      0    12554    12552    -52    659   -622
 4       -3       -2       -5      1    12563    12561     -7    658   -622
 5       -3       -1       -4      2    12555    12552    -26    658   -623
 6       -2       -2       -4      0    12552    12557    -42    658   -623
 7       -2       -2       -4      0    12552    12549    -57    658   -623
 8       -3       -2       -5      1    12557    12554    -55    658   -623
 9       -2       -2       -4      0    12558    12550      3    657   -623
10       -2       -2       -4      0    12562    12553     31    657   -623
11       -2       -1       -3      1    12553    12554     -1    658   -623
12       -3       -2       -5      1    12553    12554     15    658   -623
13       -2       -2       -4      0    12555    12562     74    658   -623
14       -2       -1       -3      1    12552    12562     -6    659   -623
15       -2       -2       -4      0    12556    12563    -19    659   -623
16       -3       -2       -5      1    12551    12547     -6    659   -623
17       -2       -2       -4      0    12561    12540    -41    659   -623
18       -2       -2       -4      0    12549    12549    -58    659   -623
19       -3       -1       -4      2    12557    12551    -47    659   -624
20       -3       -2       -5      1    12550    12558    -28    659   -624
21       -3       -1       -4      2    12545    12560     25    659   -625
22       -2       -2       -4      0    12548    12564      9    660   -625
23       -2       -2       -4      0    12553    12556     45    660   -625
24       -3       -2       -5      1    12563    12541    -15    660   -625
25       -2       -2       -4      0    12562    12546    -70    660   -625
26       -2       -2       -4      0    12557    12543    -78    659   -625
27       -3       -1       -4      2    12554    12547    -35    658   -626
28       -3       -2       -5      1    12549    12556     12    657   -626
29       -3       -2       -5      1    12558    12548    -53    657   -626
30       -2       -2       -4      0    12547    12552      5    656   -626
31       -3       -2       -5      1    12546    12555      9    656   -626
32       -2       -2       -4      0    12550    12552     36    656   -626
33       -3       -1       -4      2    12549    12553     67    656   -627
34       -2       -2       -4      0    12554    12558     -5    657   -627
35       -3       -1       -4      2    12556    12556     -4    657   -628
36       -3       -2       -5      1    12555    12553     -4    657   -628
37       -3       -2       -5      1    12552    12552     15    657   -628
38       -2       -2       -4      0    12554    12559     -8    657   -628
39       -2       -2       -4      0    12554    12545    -28    657   -628
40       -2       -2       -4      0    12550    12552     17    657   -628
41       -3       -2       -5      1    12559    12548     61    657   -628
42       -2       -2       -4      0    12552    12540     20    658   -628
43       -3       -1       -4      2    12558    12554     65    658   -629
44       -2       -2       -4      0    12554    12550      1    659   -629
45       -2       -2       -4      0    12550    12548      4    659   -629
46       -2       -3       -5     -1    12550    12560     17    659   -629
47       -2       -2       -4      0    12562    12558      8    659   -629
48       -2       -2       -4      0    12553    12559     16    659   -629
49       -3       -2       -5      1    12562    12560     25    659   -629
50       -2       -2       -4      0    12550    12558     28    659   -629
51       -3       -2       -5      1    12564    12569     21    659   -629
52       -2       -2       -4      0    12558    12550    -26    659   -629
53       -2       -2       -4      0    12556    12557    -33    659   -629
54       -2       -3       -5     -1    12556    12556    -21    659   -629
55       -1       -2       -3     -1    12558    12558      7    659   -629
56       -3       -2       -5      1    12546    12554     13    659   -629
57       -2       -2       -4      0    12546    12570     62    659   -629
58       -2       -1       -3      1    12548    12564      6    660   -629
59       -3       -2       -5      1    12561    12550     -3    660   -629
60       -1       -2       -3     -1    12554    12555      4    660   -629
61       -2       -2       -4      0    12552    12565     34    660   -629
62       -3       -2       -5      1    12550    12561     25    661   -629
63       -2       -2       -4      0    12552    12558     17    661   -629
64       -3       -2       -5      1    12550    12554     21    661   -629
65       -2       -1       -3      1    12558    12543     -7    661   -629
66       -2       -2       -4      0    12558    12560    -44    661   -629
67       -2       -3       -5     -1    12565    12552    -19    660   -629
68       -2       -2       -4      0    12564    12558     -6    659   -629
69       -2       -2       -4      0    12555    12556    -70    659   -629
70       -3       -2       -5      1    12554    12556      2    658   -629
71       -2       -2       -4      0    12556    12548    -20    658   -629
72       -3       -2       -5      1    12562    12540    -48    658   -629
73       -2       -1       -3      1    12562    12551    -60    658   -629
74       -3       -3       -6      0    12557    12561      6    657   -629
75       -2       -2       -4      0    12554    12548    -15    657   -629
76       -2       -2       -4      0    12545    12571     34    657   -629
77       -3       -1       -4      2    12548    12564      5    658   -630
78       -2       -2       -4      0    12548    12565     56    658   -630
79       -3       -1       -4      2    12554    12556     39    659   -631
80       -2       -2       -4      0    12552    12550     32    659   -631
81       -2       -3       -5     -1    12552    12538    -11    659   -631
82       -2       -2       -4      0    12562    12550      0    658   -631
83       -2       -2       -4      0    12559    12563    -22    658   -631
84       -2       -3       -5     -1    12557    12562      4    658   -631
85       -2       -2       -4      0    12551    12540     -9    658   -631
86       -2       -2       -4      0    12550    12559      9    658   -631
87       -2       -3       -5     -1    12558    12549    -20    658   -631
88       -1       -3       -4     -2    12555    12566      1    658   -630
89       -2       -3       -5     -1    12546    12559     25    658   -630
90       -2       -2       -4      0    12555    12541      4    658   -630
91       -2       -2       -4      0    12559    12560     31    658   -630
92       -2       -2       -4      0    12560    12568     35    658   -630
93       -1       -3       -4     -2    12558    12573     74    658   -629
94       -2       -3       -5     -1    12558    12563     -3    659   -629
95       -1       -2       -3     -1    12556    12560    -14    659   -629
96       -2       -3       -5     -1    12558    12552     -5    659   -629
97       -2       -2       -4      0    12550    12552      9    659   -629
98       -2       -2       -4      0    12553    12575     56    659   -629
99       -2       -2       -4      0    12552    12551      4    660   -629
 0       -2       -3       -5     -1    12555    12560     43    660   -629
 1       -1       -3       -4     -2    12555    12545     15    660   -628
 2       -1       -2       -3     -1    12560    12559     24    660   -628
 3       -2       -3       -5     -1    12563    12547    -10    660   -628
 4       -2       -2       -4      0    12565    12541     -3    659   -628
 5       -2       -2       -4      0    12559    12561    -28    659   -628
 6       -2       -2       -4      0    12550    12560    -23    659   -628
 7       -2       -3       -5     -1    12548    12568     35    659   -628
 8       -1       -2       -3     -1    12555    12550     -1    660   -628
 9       -2       -3       -5     -1    12551    12553     68    660   -628
10       -2       -1       -3      1    12558    12549     17    661   -628
11       -2       -2       -4      0    12556    12536     12    661   -628
12       -2       -3       -5     -1    12565    12533    -35    661   -628
