38     -273      268       -5    541    12553    12544    -21    656
39     -273      268       -5    541    12547    12542    -35    656
40     -273      268       -5    541    12551    12554    -49    656
41     -273      269       -4    542    12544    12552    -39    656
42     -273      268       -5    541    12548    12544    -15    656
43     -273      269       -4    542    12541    12560     68    656
44     -272      268       -4    540    12544    12546     28    657
45     -273      268       -5    541    12544    12547     36    657
46     -272      268       -4    540    12544    12546      1    658
47     -273      268       -5    541    12549    12548     22    658
48     -272      268       -4    540    12542    12558      1    659
49     -273      268       -5    541    12552    12546     -7    659
50     -274      268       -6    542    12551    12542    -43    659
51     -273      268       -5    541    12547    12542     -6    658
52     -273      268       -5    541    12553    12542    -54    658
53     -273      269       -4    542    12549    12560    -45    658
54     -273      268       -5    541    12543    12548    -19    658
55     -273      268       -5    541    12544    12545     17    658
56     -272      269       -3    541    12543    12570      6    659
57     -273      268       -5    541    12545    12560     61    659
58     -273      268       -5    541    12546    12550     19    660
59     -272      268       -4    540    12544    12545     53    660
60     -273      268       -5    541    12548    12543     56    660
61     -273      268       -5    541    12554    12540     19    660
62     -273      268       -5    541    12556    12535    -51    660
63     -273      267       -6    540    12555    12543    -14    659
64     -272      268       -4    540    12552    12541    -60    659
65     -273      268       -5    541    12548    12540      0    658
66     -272      268       -4    540    12540    12555     39    658
67     -273      268       -5    541    12542    12547     67    658
68     -272      267       -5    539    12548    12541    -13    659
69     -272      268       -4    540    12548    12558      3    659
70     -272      268       -4    540    12551    12549     11    659
71     -272      267       -5    539    12544    12549      7    659
72     -272      267       -5    539    12548    12552     19    659
73     -272      267       -5    539    12549    12545      1    659
74     -272      267       -5    539    12547    12547     -4    659
75     -272      267       -5    539    12547    12546    -30    659
76     -272      267       -5    539    12545    12547    -28    659
77     -271      268       -3    539    12543    12550    -14    659
78     -272      267       -5    539    12546    12547     -1    659
79     -272      267       -5    539    12547    12547      3    659
80     -273      267       -6    540    12548    12543    -21    659
81     -272      267       -5    539    12549    12541    -45    659
82     -272      267       -5    539    12547    12544    -62    659
83     -271      267       -4    538    12549    12549    -75    659
84     -272      267       -5    539    12542    12558     37    658
85     -271      267       -4    538    12545    12551      1    659
86     -272      267       -5    539    12541    12549     33    659
87     -272      266       -6    538    12546    12548     26    659
88     -271      267       -4    538    12545    12545     21    659
89     -272      267       -5    539    12549    12547      9    659
90     -272      267       -5    539    12547    12549     -3    659
91     -272      268       -4    540    12545    12555    -20    659
92     -272      267       -5    539    12547    12555     31    659
93     -272      267       -5    539    12549    12556      9    660
94     -271      268       -3    539    12547    12547     11    660
95     -272      267       -5    539    12544    12548     13    660
96     -272      267       -5    539    12543    12553     43    660
97     -272      267       -5    539    12544    12547     50    660
98     -272      268       -4    540    12544    12547     58    660
99     -271      267       -4    538    12547    12549      8    661
 0     -273      267       -6    540    12550    12539    -22    661
 1     -272      268       -4    540    12545    12540    -55    661
 2     -273      267       -6    540    12550    12542      1    660
 3     -272      268       -4    540    12554    12553      2    660
 4     -272      267       -5    539    12547    12547     -6    660
 5     -272      268       -4    540    12551    12545      0    660
 6     -272      267       -5    539    12547    12549      4    660
 7     -272      268       -4    540    12544    12556     33    660
 8     -272      267       -5    539    12546    12551     66    660
 9     -272      268       -4    540    12549    12555     23    661
10     -272      267       -5    539    12552    12549     26    661
11     -272      267       -5    539    12550    12543     36    661
12     -272      268       -4    540    12552    12540     18    661
13     -272      267       -5    539    12552    12538    -18    661
14     -273      267       -6    540    12550    12539    -53    661
15     -272      267       -5    539    12550    12541    -64    661
16     -272      268       -4    540    12544    12541      1    660
17     -273      267       -6    540    12545    12541    -17    660
18     -272      268       -4    540    12549    12553    -11    660
19     -273      267       -6    540    12548    12553     -5    660
20     -272      268       -4    540    12544    12555     22    660
21     -272      267       -5    539    12544    12563     68    660
22     -272      268       -4    540    12540    12555     55    661
23     -272      267       -5    539    12542    12553     28    662
24     -272      268       -4    540    12552    12547     48    662
25     -272      267       -5    539    12546    12549      0    663
26     -272      268       -4    540    12551    12543    -16    663
27     -273      267       -6    540    12550    12550    -17    663
28     -272      267       -5    539    12552    12547    -30    663
29     -272      268       -4    540    12551    12543    -50    663
30     -272      267       -5    539    12551    12541    -60    663
31     -272      267       -5    539    12549    12541    -28    662
32     -273      268       -5    541    12552    12537    -65    662
33     -272      267       -5    539    12550    12537    -30    661
34     -272      267       -5    539    12550    12547    -30    661
35     -272      267       -5    539    12545    12551    -16    661
36     -272      268       -4    540    12543    12555      7    661
37     -272      267       -5    539    12543    12557     -2    662
38     -272      268       -4    540    12542    12562     54    662
39     -272      267       -5    539    12545    12553      8    663
40     -272      267       -5    539    12552    12546      6    663
41     -272      267       -5    539    12550    12539    -42    663
42     -273      268       -5    541    12552    12541     -1    662
43     -272      267       -5    539    12548    12545    -12    662
44     -272      268       -4    540    12549    12541    -28    662
45     -273      267       -6    540    12548    12551     -9    662
46     -272      268       -4    540    12544    12543    -26    662
47     -273      267       -6    540    12546    12541    -45    662
48     -272      268       -4    540    12552    12543    -73    662
49     -273      267       -6    540    12550    12543     -5    661
50     -272      268       -4    540    12548    12541    -18    661
51     -273      268       -5    541    12550    12538    -61    661
52     -272      267       -5    539    12548    12547    -51    661
53     -272      268       -4    540    12550    12566    -12    661
54     -273      268       -5    541    12538    12546     35    661
55     -272      268       -4    540    12548    12546     58    661
56     -272      267       -5    539    12548    12545     56    661
57     -272      268       -4    540    12547    12547     65    661
58     -273      267       -6    540    12544    12545     67    661
59     -272      268       -4    540    12550    12542     54    661
60     -273      267       -6    540    12548    12545     43    661
61     -273      268       -5    541    12550    12542     -3    661
62     -272      267       -5    539    12548    12541    -46    661
63     -273      268       -5    541    12548    12554    -46    661
64     -273      268       -5    541    12538    12548    -53    661
65     -273      268       -5    541    12546    12539    -74    661
66     -273      268       -5    541    12549    12547      1    660
67     -272      268       -4    540    12542    12545     12    660
68     -273      268       -5    541    12544    12544     38    660
69     -273      268       -5    541    12540    12542     68    660
70     -273      268       -5    541    12545    12546     16    661
71     -273      268       -5    541    12543    12556     38    661
72     -273      269       -4    542    12541    12556      8    662
73     -273      269       -4    542    12543    12556     60    662
74     -273      268       -5    541    12544    12554     29    663
75     -273      269       -4    542    12544    12546     13    664
76     -273      268       -5    541    12549    12544     17    664
77     -273      268       -5    541    12551    12544     -9    664
78     -274      269       -5    543    12551    12538    -68    664
79     -273      268       -5    541    12551    12544    -31    663
80     -273      268       -5    541    12551    12541    -54    663
81     -274      268       -6    542    12548    12546     -5    662
82     -273      269       -4    542    12548    12551     18    662
83     -274      269       -5    543    12542    12564     56    662
84     -273      269       -4    542    12542    12557     41    663
85     -273      268       -5    541    12548    12542     55    663
86     -273      268       -5    541    12543    12545     44    663
87     -273      268       -5    541    12547    12546     65    663
88     -273      269       -4    542    12546    12556     74    663
89     -273      268       -5    541    12549    12541     -6    664
90     -273      268       -5    541    12546    12543     -8    664
91     -273      268       -5    541    12546    12540    -31    664
92     -272      267       -5    539    12550    12558     -9    664
93     -272      268       -4    540    12544    12560     25    664
94     -273      268       -5    541    12546    12554     34    664
95     -272      267       -5    539    12550    12549     53    664
96     -272      268       -4    540    12550    12545     51    664
97     -273      267       -6    540    12552    12543     25    664
98     -272      268       -4    540    12552    12537    -24    664
99     -273      267       -6    540    12552    12539      1    663
 0     -272      267       -5    539    12552    12539    -37    663
 1     -273      268       -5    541    12548    12545    -63    663
 2     -272      267       -5    539    12548    12547    -50    663
 3     -272      268       -4    540    12551    12545    -67    663
 4     -273      267       -6    540    12540    12558     27    662
 5     -272      268       -4    540    12548    12543      8    662
 6     -273      267       -6    540    12550    12541    -10    662
 7     -272      268       -4    540    12549    12539    -37    662
 8     -272      267       -5    539    12544    12543    -49    662
 9     -272      267       -5    539    12549    12546    -66    662
10     -273      268       -5    541    12542    12549      3    661
11     -271      267       -4    538    12543    12555     45    661
12     -272      267       -5    539    12539    12562     38    662
13     -271      267       -4    538    12549    12547      5    663
14     -272      267       -5    539    12549    12544      1    663
15     -272      267       -5    539    12549    12539    -32    663
16     -272      267       -5    539    12549    12547    -48    663
17     -272      268       -4    540    12548    12557    -23    663
18     -272      267       -5    539    12548    12551      3    663
19     -272      267       -5    539    12544    12551     34    663
20     -271      267       -4    538    12547    12546     44    663
21     -272      267       -5    539    12549    12547     66    663
22     -271      267       -4    538    12551    12551     24    664
23     -272      266       -6    538    12547    12552     33    664
24     -271      267       -4    538    12551    12552     43    664
25     -272      267       -5    539    12547    12547     43    664
26     -272      267       -5    539    12551    12542     12    664
27     -271      267       -4    538    12549    12551      7    664
28     -272      267       -5    539    12549    12547     -2    664
29     -272      266       -6    538    12549    12548      3    664
30     -271      267       -4    538    12547    12550      2    664
31     -272      267       -5    539    12549    12554     -6    664
32     -272      266       -6    538    12554    12540    -47    664
33     -271      267       -4    538    12555    12548     -3    663
34     -272      266       -6    538    12549    12551     -8    663
35     -271      267       -4    538    12547    12556     17    663
36     -272      267       -5    539    12549    12555     29    663
37     -271      267       -4    538    12546    12553     61    663
38     -272      267       -5    539    12553    12555     17    664
39     -271      267       -4    538    12546    12547     21    664
40     -272      267       -5    539    12551    12539    -14    664
41     -272      266       -6    538    12553    12540    -47    664
42     -272      267       -5    539    12553    12547      4    663
43     -271      267       -4    538    12548    12549      7    663
44     -272      267       -5    539    12549    12549     14    663
45     -272      267       -5    539    12551    12549     -3    663
46     -272      267       -5    539    12546    12547    -19    663
47     -271      267       -4    538    12545    12543    -28    663
48     -272      267       -5    539    12545    12539    -37    663
49     -272      267       -5    539    12546    12549    -39    663
50     -272      267       -5    539    12547    12551    -33    663
51     -272      267       -5    539    12549    12548    -37    663
52     -271      267       -4    538    12545    12555     -3    663
53     -272      267       -5    539    12537    12559     47    663
54     -271      267       -4    538    12549    12553     25    664
55     -272      267       -5    539    12549    12554     24    664
56     -271      267       -4    538    12545    12555     62    664
