71     -109      104       -5    213    12549    12553      0    652
72     -110      106       -4    216    12562    12538    -68    652
73     -111      106       -5    217    12552    12560      8    651
74     -110      107       -3    217    12557    12552      7    651
75     -110      105       -5    215    12552    12550      3    651
76     -109      104       -5    213    12544    12554     -5    651
77     -109      106       -3    215    12561    12547    -24    651
78     -111      106       -5    217    12547    12543    -33    651
79     -111      106       -5    217    12548    12556    -61    651
80     -110      106       -4    216    12556    12543    -41    650
81     -109      104       -5    213    12553    12543    -17    649
82     -110      105       -5    215    12566    12540    -41    649
83     -110      107       -3    217    12563    12551    -56    649
84     -111      106       -5    217    12554    12547      4    648
85     -111      106       -5    217    12552    12551      3    648
86     -110      105       -5    215    12543    12556     21    648
87     -109      105       -4    214    12539    12563     70    648
88     -110      105       -5    215    12539    12558     48    649
89     -110      107       -3    217    12553    12559      9    650
90     -111      106       -5    217    12552    12560     38    650
91     -110      106       -4    216    12542    12556      3    651
92     -109      105       -4    214    12550    12548     18    651
93     -109      104       -5    213    12551    12557     32    651
94     -110      107       -3    217    12554    12560     42    651
95     -111      106       -5    217    12552    12556     -3    652
96     -111      106       -5    217    12550    12560      0    652
97     -109      106       -3    215    12557    12545      5    652
98     -109      104       -5    213    12548    12555     13    652
99     -110      106       -4    216    12554    12553     30    652
 0     -110      106       -4    216    12551    12556     46    652
 1     -111      106       -5    217    12557    12544      9    652
 2     -110      106       -4    216    12556    12548    -51    652
 3     -109      104       -5    213    12554    12542     -3    651
 4     -109      105       -4    214    12549    12556     -2    651
 5     -111      106       -5    217    12551    12561     26    651
 6     -110      106       -4    216    12544    12550     41    651
 7     -111      107       -4    218    12556    12558     58    651
 8     -110      105       -5    215    12549    12550     67    651
 9     -109      105       -4    214    12557    12546    -37    652
10     -109      105       -4    214    12550    12548    -53    652
11     -111      106       -5    217    12552    12547    -64    652
12     -110      106       -4    216    12566    12554    -74    652
13     -111      106       -5    217    12555    12557     20    651
14     -110      105       -5    215    12553    12562     14    651
15     -108      105       -3    213    12543    12551     23    651
16     -110      106       -4    216    12553    12548     44    651
17     -111      106       -5    217    12557    12555     65    651
18     -111      107       -4    218    12548    12553     18    652
19     -110      105       -5    215    12556    12550     28    652
20     -109      105       -4    214    12546    12549     23    652
21     -109      105       -4    214    12551    12559     20    652
22     -111      106       -5    217    12559    12545      4    652
23     -110      106       -4    216    12574    12540    -74    652
24     -111      106       -5    217    12548    12548    -12    651
25     -110      106       -4    216    12560    12550    -21    651
26     -109      104       -5    213    12556    12554    -37    651
27     -110      105       -5    215    12546    12551    -40    651
28     -110      106       -4    216    12551    12543      4    650
29     -111      107       -4    218    12564    12564     15    650
30     -111      106       -5    217    12546    12552     28    650
31     -109      105       -4    214    12551    12556     -4    650
32     -109      104       -5    213    12551    12559     11    650
33     -110      106       -4    216    12555    12555     42    650
34     -111      107       -4    218    12553    12550      3    651
35     -111      106       -5    217    12547    12556     35    651
36     -110      107       -3    217    12546    12559     67    651
37     -109      105       -4    214    12543    12553     74    651
38     -109      104       -5    213    12561    12553     41    652
39     -110      106       -4    216    12556    12556     51    652
40     -111      106       -5    217    12549    12539     48    652
41     -111      107       -4    218    12551    12555     49    652
42     -110      105       -5    215    12561    12541     17    652
43     -109      105       -4    214    12559    12549    -17    652
44     -109      105       -4    214    12560    12552    -59    652
45     -111      106       -5    217    12561    12549     -3    651
46     -111      106       -5    217    12550    12549    -13    651
47     -110      106       -4    216    12552    12552    -10    651
48     -110      106       -4    216    12558    12554     -3    651
49     -109      104       -5    213    12548    12544    -25    651
50     -110      105       -5    215    12557    12555    -30    651
51     -111      107       -4    218    12552    12539     -7    650
52     -111      106       -5    217    12555    12555    -29    650
53     -110      106       -4    216    12556    12548    -47    650
54     -110      106       -4    216    12548    12544    -63    650
55     -109      104       -5    213    12560    12551    -69    650
56     -110      106       -4    216    12563    12557    -11    649
57     -111      106       -5    217    12535    12549      4    649
58     -111      107       -4    218    12553    12554      0    649
59     -111      106       -5    217    12551    12555     15    649
60     -110      105       -5    215    12551    12564     55    649
61     -108      105       -3    213    12543    12553     17    650
62     -110      106       -4    216    12554    12562     -1    651
63     -111      106       -5    217    12551    12561     11    651
64     -110      106       -4    216    12552    12556     24    651
65     -111      106       -5    217    12555    12547     30    651
66     -109      105       -4    214    12563    12549      6    651
67     -109      104       -5    213    12561    12557     -6    651
68     -110      106       -4    216    12545    12562     24    651
69     -110      106       -4    216    12553    12555     -2    652
70     -111      106       -5    217    12547    12558     48    652
71     -110      106       -4    216    12547    12551      2    653
72     -109      105       -4    214    12561    12553    -20    653
73     -109      105       -4    214    12557    12547      0    652
74     -110      105       -5    215    12559    12543    -38    652
75     -111      106       -5    217    12551    12543    -57    652
76     -110      106       -4    216    12556    12552    -19    651
77     -110      105       -5    215    12552    12567     27    651
78     -109      105       -4    214    12555    12570      4    652
79     -108      104       -4    212    12558    12544    -14    652
80     -110      105       -5    215    12552    12543    -44    652
81     -111      106       -5    217    12553    12559    -63    652
82     -110      106       -4    216    12560    12554    -13    651
83     -110      105       -5    215    12548    12558     11    651
84     -109      105       -4    214    12552    12560     38    651
85     -109      104       -5    213    12553    12556      0    652
86     -110      106       -4    216    12560    12565     19    652
87     -110      106       -4    216    12555    12552      5    652
88     -111      106       -5    217    12560    12549     14    652
89     -110      106       -4    216    12550    12565     29    652
90     -109      104       -5    213    12554    12542    -31    652
91     -109      104       -5    213    12555    12552    -17    651
92     -110      106       -4    216    12552    12546    -48    651
93     -110      106       -4    216    12551    12553    -26    651
94     -111      106       -5    217    12550    12570     20    651
95     -110      106       -4    216    12545    12553     65    651
96     -109      104       -5    213    12544    12556     23    652
97     -108      105       -3    213    12546    12551     41    652
98     -110      105       -5    215    12554    12547     22    652
99     -111      106       -5    217    12550    12559     44    652
 0     -110      106       -4    216    12545    12554     65    652
 1     -110      106       -4    216    12546    12548      0    653
 2     -109      105       -4    214    12557    12554    -34    653
 3     -109      104       -5    213    12549    12557    -23    653
 4     -110      106       -4    216    12563    12549    -26    653
 5     -111      106       -5    217    12559    12551    -38    653
 6     -110      106       -4    216    12557    12544    -64    653
 7     -111      106       -5    217    12554    12544    -19    652
 8     -109      105       -4    214    12551    12559    -12    652
 9     -109      105       -4    214    12557    12555    -15    652
10     -110      106       -4    216    12567    12562    -32    652
11     -111      106       -5    217    12567    12548    -22    651
12     -111      106       -5    217    12554    12552    -58    651
13     -110      106       -4    216    12566    12541    -15    650
14     -109      104       -5    213    12556    12561     -5    650
15     -109      105       -4    214    12553    12559      8    650
16     -110      106       -4    216    12545    12564     63    650
17     -111      106       -5    217    12549    12547    -15    651
18     -110      106       -4    216    12560    12554    -40    651
19     -111      106       -5    217    12559    12547    -78    651
20     -110      105       -5    215    12553    12554    -29    650
21     -109      105       -4    214    12552    12549    -61    650
22     -109      105       -4    214    12563    12561     -7    649
23     -111      106       -5    217    12543    12555    -17    649
24     -111      106       -5    217    12542    12546      7    649
25     -110      106       -4    216    12541    12565     56    649
26     -109      105       -4    214    12547    12555     25    650
27     -109      104       -5    213    12550    12561     47    650
28     -109      105       -4    214    12554    12550     54    650
29     -110      106       -4    216    12555    12547     43    650
30     -111      106       -5    217    12550    12560     31    650
31     -110      106       -4    216    12554    12551     44    650
32     -110      106       -4    216    12556    12556     54    650
33     -109      104       -5    213    12556    12554     39    650
34     -109      105       -4    214    12549    12561     63    650
35     -110      106       -4    216    12565    12541    -31    651
36     -111      106       -5    217    12556    12548    -34    651
37     -111      106       -5    217    12551    12550    -24    651
38     -110      106       -4    216    12555    12551    -50    651
39     -109      104       -5    213    12556    12543     -1    650
40     -109      105       -4    214    12560    12549    -50    650
41     -110      105       -5    215    12554    12565     -2    649
42     -110      107       -3    217    12544    12571     61    649
43     -110      106       -4    216    12554    12562     14    650
44     -110      105       -5    215    12552    12552     38    650
45     -109      105       -4    214    12549    12543     61    650
46     -109      104       -5    213    12544    12554     18    651
47     -109      106       -3    215    12558    12554      5    651
48     -111      106       -5    217    12553    12556      8    651
49     -110      106       -4    216    12555    12548     -1    651
50     -111      106       -5    217    12557    12555    -31    651
51     -109      105       -4    214    12545    12560      0    651
52     -109      105       -4    214    12546    12553     15    651
53     -109      105       -4    214    12556    12544     13    651
54     -110      106       -4    216    12559    12549     11    651
55     -111      106       -5    217    12548    12557      5    651
56     -110      107       -3    217    12556    12544     -7    651
57     -110      105       -5    215    12560    12552    -45    651
58     -108      104       -4    212    12538    12562     28    650
59     -109      105       -4    214    12547    12559      4    651
60     -110      105       -5    215    12539    12574     73    651
61     -110      106       -4    216    12553    12558     17    652
62     -109      106       -3    215    12557    12545     30    652
63     -110      105       -5    215    12559    12561     38    652
64     -109      104       -5    213    12558    12557     11    652
65     -108      104       -4    212    12553    12540    -35    652
66     -110      105       -5    215    12556    12564    -64    652
67     -110      105       -5    215    12554    12548    -30    651
68     -110      106       -4    216    12558    12552    -74    651
69     -110      105       -5    215    12555    12558    -12    650
70     -110      105       -5    215    12549    12552    -28    650
71     -108      104       -4    212    12557    12543    -44    650
72     -110      105       -5    215    12549    12558    -25    650
73     -110      106       -4    216    12551    12569     25    650
74     -110      105       -5    215    12547    12562     68    650
75     -110      106       -4    216    12555    12557     35    651
76     -109      105       -4    214    12549    12560     12    652
77     -109      105       -4    214    12553    12563     10    652
78     -108      104       -4    212    12543    12558     24    652
79     -110      106       -4    216    12550    12558     21    652
80     -110      106       -4    216    12559    12556     39    652
81     -110      105       -5    215    12548    12558     77    652
82     -110      106       -4    216    12551    12560      5    653
83     -109      104       -5    213    12567    12549    -24    653
84     -109      104       -5    213    12561    12543     -2    652
85     -109      105       -4    214    12549    12549    -38    652
86     -111      106       -5    217    12547    12539      4    651
87     -111      106       -5    217    12556    12552    -36    651
88     -110      106       -4    216    12542    12546     11    650
89     -110      105       -5    215    12548    12550    -13    650
90     -109      105       -4    214    12556    12541    -37    650
91     -110      104       -6    214    12555    12551    -34    650
92     -110      107       -3    217    12543    12559      4    650
93     -111      106       -5    217    12550    12540     29    650
94     -110      106       -4    216    12545    12537     -5    650
95     -110      106       -4    216    12543    12549     -6    650
96     -110      105       -5    215    12556    12546      5    650
97     -109      104       -5    213    12557    12547    -21    650
98     -110      106       -4    216    12556    12550    -25    650
99     -111      106       -5    217    12548    12558     -7    650
 0     -111      106       -5    217    12569    12544    -22    650
 1     -111      107       -4    218    12548    12564    -25    650
 2     -109      105       -4    214    12541    12555     23    650
 3     -110      105       -5    215    12545    12555     55    650
 4     -109      105       -4    214    12546    12545     62    650
 5     -111      106       -5    217    12546    12557     68    650
 6     -110      106       -4    216    12546    12548     56    650
 7     -111      106       -5    217    12555    12548     27    650
 8     -110      106       -4    216    12556    12550     33    650
 9     -110      105       -5    215    12544    12556     49    650
10     -109      104       -5    213    12557    12541     13    650
11     -109      105       -4    214    12553    12551     12    650
12     -111      106       -5    217    12554    12546     12    650
13     -111      106       -5    217    12552    12558     20    650
14     -110      106       -4    216    12555    12565     46    650
15     -109      105       -4    214    12551    12550     65    650
16     -109      104       -5    213    12554    12556      0    651
17     -109      105       -4    214    12543    12563     69    651
18     -110      106       -4    216    12553    12552      9    652
19     -110      106       -4    216    12551    12558     37    652
20     -110      106       -4    216    12550    12566     78    652
21     -110      106       -4    216    12555    12561     31    653
22     -110      105       -5    215    12555    12551     42    653
23     -108      104       -4    212    12553    12551     53    653
24     -109      105       -4    214    12554    12560     56    653
25     -111      106       -5    217    12552    12566     67    653
26     -110      106       -4    216    12562    12550     60    653
27     -110      106       -4    216    12553    12528     -4    653
28     -110      105       -5    215    12552    12550    -20    653
29     -109      105       -4    214    12555    12561     -5    653
30     -109      104       -5    213    12545    12557     30    653
31     -110      106       -4    216    12556    12545     -6    653
32     -110      106       -4    216    12546    12547    -20    653
33     -110      106       -4    216    12549    12552    -52    653
34     -111      105       -6    216    12554    12556    -54    653
35     -109      105       -4    214    12551    12561    -12    653
36     -109      105       -4    214    12545    12559     33    653
37     -109      105       -4    214    12546    12554      4    654
