15       -7        4       -3     11    12549    12550      4    657  -3666
16       -7        3       -4     10    12552    12550      5    657  -3671
17       -7        2       -5      9    12547    12542    -35    657  -3676
18       -6        2       -4      8    12554    12540    -25    656  -3680
19       -7        2       -5      9    12552    12543    -67    656  -3685
20       -5        2       -3      7    12553    12543    -14    655  -3689
21       -6        1       -5      7    12551    12545    -43    655  -3693
22       -5        1       -4      6    12555    12544      1    654  -3696
23       -5        0       -5      5    12542    12551     -3    654  -3698
24       -5        1       -4      6    12549    12555      4    654  -3701
25       -4        0       -4      4    12553    12548    -10    654  -3703
26       -4        0       -4      4    12548    12551    -40    654  -3705
27       -5        0       -5      5    12546    12546    -63    654  -3707
28       -4        0       -4      4    12548    12555    -59    654  -3709
29       -4        0       -4      4    12551    12552      6    653  -3711
30       -4       -1       -5      3    12546    12555     26    653  -3712
31       -4        0       -4      4    12544    12555     66    653  -3714
32       -3       -1       -4      2    12544    12543      7    654  -3715
33       -4        0       -4      4    12539    12553     64    654  -3717
34       -4       -1       -5      3    12541    12555     33    655  -3718
35       -3       -1       -4      2    12544    12551     74    655  -3719
36       -4        0       -4      4    12554    12537    -37    656  -3721
37       -3       -1       -4      2    12561    12541    -12    655  -3722
38       -3       -2       -5      1    12556    12544    -57    655  -3722
39       -3       -1       -4      2    12557    12545    -12    654  -3723
40       -3       -1       -4      2    12545    12551    -29    654  -3724
41       -3       -1       -4      2    12546    12555    -27    654  -3725
42       -3       -1       -4      2    12545    12550      3    654  -3726
43       -3       -2       -5      1    12540    12555     12    655  -3726
44       -3       -1       -4      2    12541    12555      1    656  -3727
45       -3       -1       -4      2    12547    12538      3    656  -3728
46       -3       -1       -4      2    12553    12539    -35    656  -3729
47       -3       -2       -5      1    12552    12539     -5    655  -3729
48       -2       -1       -3      1    12547    12543    -26    655  -3729
49       -3       -2       -5      1    12548    12540    -47    655  -3729
50       -3       -2       -5      1    12552    12544     -9    654  -3729
51       -2       -1       -3      1    12550    12538    -23    654  -3729
52       -2       -2       -4      0    12556    12542    -68    654  -3729
53       -3       -2       -5      1    12552    12552    -50    654  -3729
54       -2       -2       -4      0    12546    12546    -43    654  -3729
55       -3       -2       -5      1    12551    12548    -55    654  -3729
56       -2       -2       -4      0    12542    12548    -53    654  -3729
57       -2       -1       -3      1    12544    12548    -63    654  -3729
58       -3       -2       -5      1    12544    12551    -40    654  -3729
59       -2       -2       -4      0    12545    12555    -10    654  -3729
60       -3       -2       -5      1    12546    12552     21    654  -3729
61       -2       -1       -3      1    12543    12552     42    654  -3729
62       -3       -2       -5      1    12549    12546     42    654  -3729
63       -2       -1       -3      1    12547    12543     42    654  -3729
64       -3       -2       -5      1    12544    12548     36    654  -3729
65       -3       -2       -5      1    12543    12548     49    654  -3729
66       -2       -2       -4      0    12548    12546     52    654  -3729
67       -3       -2       -5      1    12542    12544     66    654  -3729
68       -2       -1       -3      1    12544    12548     65    654  -3729
69       -3       -2       -5      1    12548    12542     50    654  -3729
70       -2       -2       -4      0    12546    12550     47    654  -3729
71       -3       -2       -5      1    12542    12554      2    655  -3729
72       -2       -2       -4      0    12550    12550     32    655  -3729
73       -3       -1       -4      2    12544    12550     73    655  -3730
74       -2       -2       -4      0    12550    12552      9    656  -3730
75       -2       -2       -4      0    12544    12544     17    656  -3730
76       -2       -2       -4      0    12552    12538    -20    656  -3730
77       -3       -2       -5      1    12548    12537    -51    656  -3730
78       -2       -2       -4      0    12542    12544    -69    656  -3730
79       -2       -2       -4      0    12544    12543    -73    656  -3730
80       -2       -2       -4      0    12546    12548     -1    655  -3730
81       -3       -2       -5      1    12546    12543     -3    655  -3730
82       -2       -2       -4      0    12545    12544    -16    655  -3730
83       -2       -3       -5     -1    12552    12546    -32    655  -3730
84       -2       -2       -4      0    12552    12540    -68    655  -3730
85       -3       -2       -5      1    12546    12540     -7    654  -3730
86       -2       -2       -4      0    12544    12540    -15    654  -3730
87       -2       -2       -4      0    12542    12551      0    654  -3730
88       -3       -2       -5      1    12542    12549     13    654  -3730
89       -2       -2       -4      0    12536    12560     71    654  -3730
90       -2       -2       -4      0    12546    12554     42    655  -3730
91       -2       -2       -4      0    12550    12548     73    655  -3730
92       -3       -2       -5      1    12548    12544     -1    656  -3730
93       -2       -2       -4      0    12546    12547    -10    656  -3730
94       -2       -2       -4      0    12546    12550    -11    656  -3730
95       -3       -2       -5      1    12542    12549     -2    656  -3730
96       -2       -1       -3      1    12548    12548     -2    656  -3730
97       -2       -2       -4      0    12549    12546     10    656  -3730
98       -2       -2       -4      0    12546    12548     17    656  -3730
99       -2       -2       -4      0    12546    12548     33    656  -3730
 0       -2       -2       -4      0    12548    12550     22    656  -3730
 1       -3       -3       -6      0    12550    12550     22    656  -3730
 2       -2       -2       -4      0    12563    12537     -5    656  -3730
 3       -2       -2       -4      0    12550    12545    -18    656  -3730
 4       -1       -3       -4     -2    12553    12543    -60    656  -3729
 5       -3       -2       -5      1    12548    12543    -10    655  -3729
 6       -2       -2       -4      0    12546    12544    -25    655  -3729
 7       -2       -3       -5     -1    12544    12545    -29    655  -3729
 8       -2       -2       -4      0    12551    12543    -46    655  -3729
 9       -2       -2       -4      0    12547    12541    -68    655  -3729
10       -3       -2       -5      1    12542    12551      8    654  -3729
11       -2       -2       -4      0    12544    12555     27    654  -3729
12       -2       -2       -4      0    12546    12560      2    655  -3729
13       -3       -2       -5      1    12542    12558     65    655  -3729
14       -2       -2       -4      0    12542    12556     15    656  -3729
15       -2       -1       -3      1    12548    12548     43    656  -3729
16       -3       -2       -5      1    12544    12549     56    656  -3729
17       -2       -2       -4      0    12548    12542     42    656  -3729
18       -2       -2       -4      0    12554    12540     -6    656  -3729
19       -3       -2       -5      1    12552    12540    -51    656  -3729
20       -2       -1       -3      1    12546    12544    -63    656  -3729
21       -3       -2       -5      1    12548    12544     -8    655  -3729
22       -2       -2       -4      0    12552    12542    -36    655  -3729
23       -2       -2       -4      0    12550    12546    -36    655  -3729
24       -3       -1       -4      2    12546    12550    -18    655  -3730
25       -2       -2       -4      0    12546    12556     17    655  -3730
26       -3       -2       -5      1    12544    12554     51    655  -3730
27       -2       -2       -4      0    12544    12546     -2    656  -3730
28       -3       -2       -5      1    12544    12548     12    656  -3730
29       -2       -1       -3      1    12546    12550      3    656  -3730
30       -2       -2       -4      0    12545    12554     37    656  -3730
31       -3       -2       -5      1    12546    12558     78    656  -3730
32       -2       -2       -4      0    12546    12548     16    657  -3730
33       -3       -1       -4      2    12546    12552     33    657  -3731
34       -2       -2       -4      0    12551    12548     40    657  -3731
35       -2       -2       -4      0    12550    12550     50    657  -3731
36       -3       -2       -5      1    12551    12548     58    657  -3731
37       -2       -1       -3      1    12552    12548     59    657  -3731
38       -2       -2       -4      0    12556    12550     49    657  -3731
39       -2       -2       -4      0    12555    12544     21    657  -3731
40       -2       -2       -4      0    12556    12544     -4    657  -3731
41       -3       -2       -5      1    12550    12544    -42    657  -3731
42       -2       -2       -4      0    12548    12551    -72    657  -3731
43       -2       -2       -4      0    12546    12556     34    656  -3731
44       -2       -2       -4      0    12548    12563     -1    657  -3731
45       -2       -2       -4      0    12548    12549      5    657  -3731
46       -1       -2       -3     -1    12551    12552      6    657  -3731
47       -2       -2       -4      0    12551    12548      8    657  -3731
48       -2       -3       -5     -1    12554    12539    -25    657  -3731
49       -2       -2       -4      0    12551    12548    -43    657  -3731
50       -3       -2       -5      1    12552    12544    -52    657  -3731
51       -2       -2       -4      0    12546    12554    -54    657  -3731
52       -2       -1       -3      1    12556    12544    -50    657  -3731
53       -2       -2       -4      0    12552    12550    -55    657  -3731
54       -2       -2       -4      0    12554    12542     -2    656  -3731
55       -2       -2       -4      0    12549    12544    -18    656  -3731
56       -2       -3       -5     -1    12548    12550    -31    656  -3731
57       -2       -2       -4      0    12550    12552    -25    656  -3731
58       -3       -2       -5      1    12554    12542    -58    656  -3731
59       -2       -2       -4      0    12553    12549     -4    655  -3731
60       -2       -2       -4      0    12548    12553      3    655  -3731
61       -2       -2       -4      0    12545    12553     19    655  -3731
62       -2       -1       -3      1    12548    12544     13    655  -3731
63       -2       -3       -5     -1    12545    12549     52    655  -3731
64       -2       -2       -4      0    12550    12547     31    655  -3731
65       -2       -2       -4      0    12553    12544     -3    655  -3731
66       -2       -2       -4      0    12553    12548    -25    655  -3731
67       -2       -2       -4      0    12543    12551    -22    655  -3731
68       -2       -2       -4      0    12547    12550      8    655  -3731
69       -3       -2       -5      1    12552    12542     15    655  -3731
70       -2       -2       -4      0    12550    12543      5    655  -3731
71       -2       -3       -5     -1    12549    12538    -20    655  -3731
72       -2       -2       -4      0    12550    12539    -48    655  -3731
73       -1       -3       -4     -2    12545    12549    -54    655  -3730
74       -2       -2       -4      0    12547    12547    -49    655  -3730
75       -2       -3       -5     -1    12544    12549    -23    655  -3730
76       -2       -3       -5     -1    12543    12547     -9    655  -3730
77       -2       -2       -4      0    12543    12543    -10    655  -3730
78       -2       -3       -5     -1    12539    12545     -6    655  -3730
79       -2       -2       -4      0    12542    12546     11    655  -3730
80       -1       -2       -3     -1    12541    12543     22    655  -3730
81       -2       -3       -5     -1    12545    12549     22    655  -3730
82       -2       -2       -4      0    12554    12537      0    655  -3730
83       -2       -3       -5     -1    12541    12543    -21    655  -3730
84       -2       -2       -4      0    12542    12545    -27    655  -3730
85       -2       -3       -5     -1    12551    12539    -56    655  -3730
86       -2       -2       -4      0    12543    12545      1    654  -3730
87       -2       -3       -5     -1    12544    12545    -21    654  -3730
88       -1       -2       -3     -1    12539    12548     -6    654  -3730
89       -2       -2       -4      0    12546    12556     37    654  -3730
90       -2       -2       -4      0    12546    12554     63    654  -3730
91       -2       -3       -5     -1    12546    12551     12    655  -3730
92       -2       -2       -4      0    12550    12546     -4    655  -3730
93       -2       -2       -4      0    12544    12548      8    655  -3730
94       -3       -2       -5      1    12546    12546     19    655  -3730
95       -2       -2       -4      0    12552    12549     25    655  -3730
96       -2       -2       -4      0    12545    12549     30    655  -3730
97       -2       -3       -5     -1    12546    12555     43    655  -3730
98       -2       -2       -4      0    12556    12548     47    655  -3730
99       -2       -2       -4      0    12556    12549     44    655  -3730
 0       -2       -2       -4      0    12549    12548     37    655  -3730
 1       -2       -2       -4      0    12544    12551     39    655  -3730
 2       -2       -2       -4      0    12562    12534      6    655  -3730
 3       -3       -1       -4      2    12546    12546    -15    655  -3731
 4       -2       -2       -4      0    12550    12550    -29    655  -3731
 5       -2       -2       -4      0    12542    12548     -8    655  -3731
 6       -3       -2       -5      1    12548    12550      8    655  -3731
 7       -2       -1       -3      1    12550    12552     37    655  -3731
 8       -2       -2       -4      0    12546    12553     62    655  -3731
 9       -3       -2       -5      1    12550    12550     -4    656  -3731
10       -2       -2       -4      0    12548    12542    -22    656  -3731
11       -3       -2       -5      1    12551    12540    -62    656  -3731
12       -2       -1       -3      1    12554    12532    -54    655  -3731
13       -3       -2       -5      1    12547    12543    -77    655  -3731
14       -3       -2       -5      1    12546    12552     20    654  -3731
