37      -82       78       -4    160    12551    12554     63    651
38      -82       78       -4    160    12551    12560     52    651
39      -83       78       -5    161    12545    12568      1    652
40      -82       78       -4    160    12555    12559     26    652
41      -82       78       -4    160    12551    12559     32    652
42      -83       78       -5    161    12554    12551     -5    653
43      -83       78       -5    161    12555    12564     21    653
44      -82       79       -3    161    12548    12553     -5    654
45      -83       78       -5    161    12557    12573     55    654
46      -83       79       -4    162    12550    12549     48    654
47      -83       78       -5    161    12552    12546     24    654
48      -83       79       -4    162    12561    12548     22    654
49      -84       79       -5    163    12557    12565     11    654
50      -83       79       -4    162    12566    12568    -61    654
51      -83       78       -5    161    12571    12534    -58    653
52      -83       79       -4    162    12559    12559    -21    652
53      -84       79       -5    163    12549    12543    -26    652
54      -83       79       -4    162    12549    12563    -13    652
55      -83       79       -4    162    12553    12547    -14    652
56      -83       79       -4    162    12552    12576     31    652
57      -83       78       -5    161    12553    12543     31    652
58      -83       79       -4    162    12557    12553     58    652
59      -83       79       -4    162    12548    12542    -13    653
60      -83       78       -5    161    12560    12553    -31    653
61      -83       79       -4    162    12559    12540    -14    652
62      -84       79       -5    163    12563    12564    -42    652
63      -83       80       -3    163    12562    12548    -21    651
64      -84       79       -5    163    12565    12551    -16    651
65      -83       79       -4    162    12555    12573     11    651
66      -84       79       -5    163    12546    12538     38    651
67      -83       79       -4    162    12552    12570     15    652
68      -83       79       -4    162    12548    12552     45    652
69      -83       78       -5    161    12556    12549     67    652
70      -83       79       -4    162    12559    12565     14    653
71      -84       79       -5    163    12556    12552     11    653
72      -83       79       -4    162    12556    12549     13    653
73      -83       79       -4    162    12562    12536     16    653
74      -83       78       -5    161    12560    12536    -24    653
75      -83       79       -4    162    12549    12552    -58    653
76      -83       78       -5    161    12553    12537    -36    652
77      -83       79       -4    162    12550    12571    -48    652
78      -83       79       -4    162    12557    12556    -46    652
79      -84       78       -6    162    12556    12561     -8    652
80      -82       79       -3    161    12544    12552     51    652
81      -83       79       -4    162    12553    12555     -9    653
82      -83       78       -5    161    12556    12552    -29    653
83      -83       78       -5    161    12558    12544    -63    653
84      -83       79       -4    162    12555    12548      3    652
85      -82       78       -4    160    12555    12566     18    652
86      -83       79       -4    162    12555    12564     27    652
87      -83       78       -5    161    12556    12550     49    652
88      -82       79       -3    161    12554    12556      8    653
89      -83       78       -5    161    12543    12550     25    653
90      -82       78       -4    160    12556    12550      4    653
91      -83       78       -5    161    12549    12555    -17    653
92      -82       78       -4    160    12554    12564     46    653
93      -83       79       -4    162    12551    12553     55    653
94      -82       78       -4    160    12549    12558     11    654
95      -83       78       -5    161    12558    12554    -14    654
96      -82       78       -4    160    12566    12538    -33    654
97      -83       78       -5    161    12560    12555      2    653
98      -82       78       -4    160    12545    12555     19    653
99      -82       77       -5    159    12557    12554      4    653
 0      -82       78       -4    160    12554    12539    -46    653
 1      -82       78       -4    160    12561    12555     -8    652
 2      -82       78       -4    160    12545    12564     39    652
 3      -82       78       -4    160    12559    12557     40    652
 4      -83       78       -5    161    12548    12553     17    652
 5      -82       78       -4    160    12546    12557     19    653
 6      -82       78       -4    160    12559    12561     12    654
 7      -82       78       -4    160    12544    12560      6    655
 8      -83       78       -5    161    12545    12564     42    655
 9      -82       78       -4    160    12561    12551     42    655
10      -83       79       -4    162    12565    12546    -11    655
11      -82       78       -4    160    12559    12552    -56    655
12      -83       78       -5    161    12562    12556      2    654
13      -82       78       -4    160    12564    12551    -78    654
14      -82       78       -4    160    12552    12556     13    653
15      -83       78       -5    161    12550    12560     40    653
16      -82       78       -4    160    12550    12553     32    653
17      -83       78       -5    161    12554    12550    -17    653
18      -82       78       -4    160    12553    12551    -42    653
19      -82       78       -4    160    12553    12552      3    652
20      -83       78       -5    161    12550    12556     18    652
21      -82       78       -4    160    12546    12546    -13    652
22      -82       78       -4    160    12550    12546    -40    652
23      -83       77       -6    160    12548    12547    -37    652
24      -82       78       -4    160    12556    12559      1    651
25      -83       78       -5    161    12548    12571     48    651
26      -82       79       -3    161    12554    12579     28    652
27      -82       78       -4    160    12553    12563     68    652
28      -82       78       -4    160    12553    12551      5    653
29      -83       78       -5    161    12553    12565     25    653
30      -82       78       -4    160    12556    12559     38    653
31      -82       79       -3    161    12555    12558     30    653
32      -83       78       -5    161    12554    12550     11    653
33      -82       78       -4    160    12569    12545    -27    653
34      -83       78       -5    161    12556    12565    -42    653
35      -82       78       -4    160    12555    12553     -3    652
36      -83       78       -5    161    12549    12566     40    652
37      -82       78       -4    160    12550    12550     61    652
38      -83       79       -4    162    12555    12566     -2    653
39      -82       78       -4    160    12560    12556    -26    653
40      -83       78       -5    161    12553    12552    -28    653
41      -82       78       -4    160    12557    12558    -70    653
42      -83       78       -5    161    12568    12548    -78    653
43      -82       78       -4    160    12559    12551    -47    652
44      -83       77       -6    160    12554    12548      8    651
45      -82       78       -4    160    12553    12563     63    651
46      -82       78       -4    160    12545    12558      3    652
47      -83       78       -5    161    12559    12549    -27    652
48      -82       78       -4    160    12553    12554    -45    652
49      -82       78       -4    160    12560    12548     -4    651
50      -83       78       -5    161    12552    12550     13    651
51      -81       78       -3    159    12543    12559     56    651
52      -83       78       -5    161    12555    12551     -1    652
53      -82       77       -5    159    12561    12549    -29    652
54      -82       78       -4    160    12559    12544    -70    652
55      -82       78       -4    160    12559    12559    -34    651
56      -82       78       -4    160    12559    12547     -9    650
57      -82       77       -5    159    12553    12549    -67    650
58      -83       78       -5    161    12561    12554    -12    649
59      -82       78       -4    160    12555    12563    -42    649
60      -83       78       -5    161    12549    12556    -55    649
61      -82       78       -4    160    12550    12561    -42    649
62      -83       78       -5    161    12556    12553    -40    649
63      -82       78       -4    160    12547    12565     14    649
64      -83       79       -4    162    12552    12560     47    649
65      -82       78       -4    160    12556    12564     70    649
66      -83       78       -5    161    12554    12556     25    650
67      -82       78       -4    160    12552    12551     48    650
68      -83       78       -5    161    12554    12551     43    650
69      -82       78       -4    160    12541    12557     55    650
70      -82       78       -4    160    12550    12558     57    650
71      -82       78       -4    160    12547    12555     20    651
72      -82       77       -5    159    12545    12558     39    651
73      -82       78       -4    160    12544    12561     68    651
74      -82       78       -4    160    12559    12565     61    651
75      -83       78       -5    161    12555    12566     49    651
76      -82       78       -4    160    12552    12555     -5    652
77      -82       77       -5    159    12559    12559    -27    652
78      -82       79       -3    161    12545    12557    -19    652
79      -82       78       -4    160    12554    12567    -11    652
80      -82       78       -4    160    12559    12559     14    652
81      -83       78       -5    161    12563    12542    -57    652
82      -83       78       -5    161    12553    12547    -34    651
83      -82       78       -4    160    12556    12560      9    650
84      -83       78       -5    161    12549    12559     32    650
85      -83       79       -4    162    12541    12566     68    650
86      -83       78       -5    161    12544    12568     47    651
87      -82       79       -3    161    12556    12558     -3    652
88      -82       78       -4    160    12550    12558     60    652
89      -83       78       -5    161    12558    12559     21    652
90      -82       78       -4    160    12560    12553      2    652
91      -82       77       -5    159    12558    12549    -57    652
92      -82       78       -4    160    12548    12559      0    651
93      -82       78       -4    160    12558    12552     25    651
94      -82       77       -5    159    12549    12567     65    651
95      -83       78       -5    161    12560    12548     -5    652
96      -82       78       -4    160    12550    12553    -36    652
97      -82       78       -4    160    12561    12547    -58    652
98      -82       77       -5    159    12557    12554     -4    651
99      -82       78       -4    160    12544    12560     29    651
 0      -82       78       -4    160    12550    12558     72    651
 1      -82       78       -4    160    12552    12555      2    652
 2      -83       78       -5    161    12551    12552      5    652
 3      -82       78       -4    160    12554    12566     38    652
 4      -82       78       -4    160    12559    12541     37    652
 5      -83       79       -4    162    12556    12546    -11    653
 6      -83       78       -5    161    12565    12553    -25    653
 7      -83       78       -5    161    12554    12557    -10    652
 8      -82       78       -4    160    12551    12554    -42    652
 9      -83       78       -5    161    12562    12555    -50    652
10      -83       79       -4    162    12551    12554     -2    651
11      -82       78       -4    160    12556    12558      0    651
12      -83       78       -5    161    12558    12555     -5    651
13      -83       78       -5    161    12558    12552    -66    651
14      -82       78       -4    160    12560    12547     -7    650
15      -83       78       -5    161    12555    12555     -4    650
16      -82       78       -4    160    12556    12549    -21    650
17      -83       78       -5    161    12554    12544    -58    650
18      -82       78       -4    160    12548    12551      7    649
19      -83       78       -5    161    12545    12567     57    649
20      -82       78       -4    160    12555    12548      0    650
21      -83       78       -5    161    12543    12563     43    650
22      -82       79       -3    161    12552    12565     31    651
23      -83       78       -5    161    12554    12559     67    651
24      -83       78       -5    161    12556    12544     16    652
25      -83       79       -4    162    12560    12549    -16    652
26      -83       78       -5    161    12560    12559    -33    652
27      -83       79       -4    162    12553    12547    -30    652
28      -83       79       -4    162    12554    12549    -68    652
29      -83       79       -4    162    12553    12541    -12    651
30      -84       78       -6    162    12553    12557    -33    651
31      -83       79       -4    162    12559    12557    -45    651
