97       -1        5        4      6    13363    13357     40   2883  -2880
98       -1        6        5      8    13351    13376      1   2883  -2884
99       -1        5        4      5    13354    13371     21   2883  -2886
 0       -1        5        4      6    13368    13350    -12   2883  -2889
 1        0        5        5      5    13367    13359     -6   2882  -2891
 2        0        5        5      6    13341    13408     37   2882  -2894
 3       -1        4        3      4    13356    13375    -25   2882  -2896
 4        0        4        4      4    13349    13374     68   2882  -2898
 5        0        4        4      4    13316    13404     15   2885  -2900
 6        0        4        4      4    13356    13376     15   2886  -2902
 7        0        3        3      4    13364    13374      7   2886  -2904
 8        0        4        4      3    13358    13358      9   2887  -2905
 9        1        4        5      4    13380    13350     11   2886  -2907
10        0        3        3      2    13379    13342    -59   2885  -2908
11        1        4        5      3    13361    13372     -5   2884  -2909
12        1        3        4      2    13391    13322      2   2882  -2910
13        1        3        4      2    13383    13343    -48   2881  -2911
14        1        3        4      3    13339    13389     -6   2881  -2912
15        1        4        5      2    13369    13346    -16   2881  -2913
16        1        3        4      2    13342    13382     57   2881  -2914
17        2        3        5      2    13350    13372    -41   2882  -2915
18        1        3        4      1    13381    13357    -54   2880  -2915
19        1        3        4      2    13373    13350     -2   2879  -2916
20        1        3        4      2    13358    13370    -15   2879  -2917
21        2        2        4      1    13361    13358    -30   2879  -2917
22        1        3        4      1    13316    13408     35   2878  -2917
23        2        3        5      2    13337    13388     11   2879  -2918
24        1        3        4      1    13336    13395     19   2881  -2918
25        2        2        4      1    13378    13358     34   2881  -2918
26        2        4        6      2    13363    13369     53   2882  -2919
27        1        2        3      0    13364    13374     38   2882  -2919
28        1        3        4      3    13355    13360     -4   2883  -2920
29        2        3        5      1    13352    13350     -1   2883  -2920
30        1        3        4      2    13375    13352     16   2883  -2921
31        1        3        4      1    13359    13371     15   2882  -2921
32        1        3        4      2    13367    13349    -15   2882  -2922
33        2        3        5      2    13365    13337      6   2882  -2923
34        1        3        4      1    13361    13369    -12   2883  -2923
35        1        3        4      2    13370    13356    -10   2882  -2924
36        2        2        4      1    13377    13372      5   2881  -2924
37        1        3        4      1    13350    13384     49   2881  -2924
38        2        2        4      0    13384    13348     -2   2880  -2924
39        2        3        5      2    13356    13399     11   2880  -2925
40        1        2        3      0    13337    13381     44   2880  -2925
41        2        2        4      1    13362    13373    -41   2880  -2925
42        2        3        5      0    13374    13339     12   2879  -2925
43        2        3        5      1    13346    13395     64   2879  -2925
44        2        3        5      1    13350    13364     33   2880  -2925
45        1        2        3      2    13379    13328     25   2880  -2926
46        2        3        5      1    13358    13349     22   2881  -2926
47        1        3        4      2    13357    13373     58   2882  -2927
48        2        3        5      0    13362    13353    -44   2882  -2927
49        2        3        5      2    13374    13342     -3   2882  -2928
50        2        2        4      0    13380    13315     -4   2881  -2928
51        1        3        4      1    13367    13371     22   2879  -2928
52        2        2        4      0    13352    13377     50   2879  -2928
53        2        2        4      1    13368    13364     -3   2879  -2928
54        2        3        5      0    13366    13357    -49   2879  -2928
55        2        2        4      1    13355    13344     -1   2879  -2928
56        1        3        4      1    13331    13411     33   2879  -2928
57        2        2        4      1    13397    13310    -25   2879  -2928
58        1        3        4      1    13337    13392     15   2879  -2928
59        2        3        5      1    13358    13386     68   2879  -2928
60        2        2        4      1    13326    13401     59   2880  -2928
61        1        3        4      1    13363    13362    -18   2880  -2928
62        2        3        5      2    13362    13351    -19   2880  -2929
63        1        2        3      1    13328    13397     16   2880  -2929
64        2        3        5      1    13367    13348     14   2880  -2929
65        1        2        3      1    13346    13397     38   2880  -2929
66        2        3        5      0    13366    13347     -6   2881  -2929
67        2        3        5      2    13358    13368    -29   2881  -2930
68        1        3        4      1    13371    13357    -31   2880  -2930
69        2        3        5      1    13360    13363     15   2880  -2930
70        1        2        3      1    13332    13403     78   2880  -2930
71        2        3        5      1    13374    13332    -49   2881  -2930
72        1        2        3      1    13367    13344    -29   2881  -2930
73        2        3        5      2    13379    13337    -54   2881  -2931
74        1        2        3      1    13336    13394     -4   2881  -2931
75        2        3        5      1    13366    13332    -12   2881  -2931
76        1        2        3      1    13364    13339    -28   2881  -2931
77        2        3        5      0    13394    13322    -77   2881  -2931
78        2        2        4      0    13364    13362     -3   2880  -2931
79        2        3        5      1    13358    13367      9   2880  -2931
80        2        1        3      0    13368    13371     -6   2880  -2931
81        3        3        6      0    13342    13378     27   2880  -2931
82        2        2        4     -1    13373    13344    -68   2881  -2931
83        3        2        5      1    13375    13345    -28   2881  -2931
84        2        2        4      0    13368    13364     12   2880  -2931
85        2        2        4     -1    13374    13354    -57   2880  -2931
86        2        2        4      0    13351    13371    -43   2879  -2931
87        2        2        4     -1    13341    13388     77   2878  -2931
88        2        2        4      0    13358    13371      6   2879  -2931
89        2        2        4      1    13358    13385     42   2879  -2931
90        2        2        4      0    13360    13368    -13   2880  -2931
91        3        2        5     -1    13354    13378     -1   2880  -2931
92        2        2        4     -1    13384    13340     18   2880  -2931
93        2        2        4      0    13348    13386      1   2881  -2931
94        2        2        4      0    13362    13361    -30   2882  -2931
95        3        2        5     -1    13374    13364     19   2881  -2931
96        2        2        4      0    13368    13362     40   2881  -2931
97        2        2        4      0    13363    13348    -17   2882  -2931
98        2        2        4      1    13386    13344    -69   2882  -2931
99        3        2        5      0    13358    13364     20   2881  -2931
 0        2        2        4      0    13382    13352     -2   2880  -2931
 1        2        2        4     -2    13342    13383     16   2880  -2930
 2        2        2        4      0    13353    13374    -13   2880  -2930
 3        3        2        5      0    13364    13367    -22   2880  -2930
 4        2        2        4     -1    13348    13371     -7   2880  -2930
 5        3        2        5      0    13358    13385     23   2881  -2930
 6        3        2        5     -1    13382    13330     -7   2881  -2930
 7        2        1        3     -1    13352    13372     13   2881  -2930
 8        2        2        4     -1    13371    13346    -71   2881  -2930
 9        3        2        5     -1    13365    13360    -29   2881  -2930
10        3        1        4     -2    13379    13340    -61   2881  -2929
11        2        2        4      0    13373    13334     -8   2880  -2929
12        2        2        4      0    13370    13360     64   2880  -2929
13        3        1        4     -1    13357    13364     38   2880  -2929
14        2        2        4     -1    13386    13328    -16   2881  -2929
15        2        2        4      0    13352    13388     42   2881  -2929
16        3        2        5      0    13369    13339    -14   2881  -2929
17        3        3        6      0    13379    13339     24   2881  -2929
18        2        2        4     -1    13365    13378    -24   2882  -2929
19        2        1        3     -1    13372    13348    -74   2881  -2929
20        2        2        4      0    13352    13386    -14   2880  -2929
21        2        2        4      0    13378    13354     26   2880  -2929
22        3        2        5     -1    13377    13339    -15   2881  -2929
23        2        2        4      0    13355    13385     28   2880  -2929
24        3        2        5     -1    13377    13366     49   2880  -2929
25        2        2        4      0    13374    13363      2   2880  -2929
26        2        2        4      0    13362    13366     24   2880  -2929
27        2        2        4      0    13354    13363     14   2880  -2929
28        2        1        3      0    13359    13368     -8   2881  -2929
29        2        2        4      0    13364    13367      3   2880  -2929
30        2        3        5      0    13360    13352     46   2880  -2929
31        3        1        4      0    13371    13354     -6   2880  -2929
32        2        2        4      0    13352    13370    -12   2881  -2929
33        1        2        3     -1    13350    13382     -8   2880  -2929
34        3        2        5     -1    13354    13379     34   2880  -2929
35        2        2        4      0    13356    13356    -23   2881  -2929
36        2        1        3      0    13360    13362     29   2881  -2929
37        3        3        6      0    13348    13368    -28   2882  -2929
38        1        2        3      0    13362    13350     16   2880  -2929
39        3        1        4     -1    13378    13335      7   2880  -2929
40        2        1        3     -2    13384    13330    -76   2880  -2928
41        3        2        5      0    13377    13335     -9   2879  -2928
42        2        2        4     -1    13342    13388     51   2880  -2928
43        3        2        5      0    13354    13364     -5   2881  -2928
44        2        2        4     -1    13369    13356      2   2882  -2928
45        2        2        4      0    13350    13361     24   2882  -2928
46        3        2        5      0    13353    13385     53   2882  -2928
47        2        2        4     -1    13394    13327    -53   2883  -2928
48        2        3        5      1    13394    13332    -49   2882  -2928
49        2        2        4      1    13372    13343    -20   2880  -2928
50        2        3        5      1    13348    13378    -14   2879  -2928
51        2        3        5      1    13352    13361      3   2879  -2928
52        2        2        4      1    13340    13389     -4   2880  -2928
53        2        3        5      0    13366    13360     17   2880  -2928
54        1        1        2      0    13376    13344    -23   2880  -2928
55        2        2        4      0    13358    13376     15   2881  -2928
56        2        2        4      1    13374    13356      0   2880  -2928
57        1        3        4      0    13358    13364    -35   2880  -2928
58        2        3        5      1    13367    13341    -60   2880  -2928
59        2        2        4      1    13346    13390     39   2880  -2928
60        2        3        5      1    13348    13375     63   2881  -2928
61        2        2        4      1    13342    13396     48   2881  -2928
62        2        3        5     -1    13382    13353    -12   2883  -2928
63        2        2        4      1    13369    13350     -7   2882  -2928
64        2        2        4      0    13374    13346    -19   2881  -2928
65        2        2        4      0    13358    13378    -33   2881  -2928
66        2        3        5      0    13367    13356    -71   2880  -2928
67        2        1        3      0    13370    13366    -33   2878  -2928
68        2        3        5      0    13367    13356     -5   2878  -2928
69        2        1        3     -1    13362    13366     -5   2878  -2928
70        2        2        4      1    13376    13357    -12   2879  -2928
71        2        2        4      0    13362    13358    -42   2879  -2928
72        3        2        5     -1    13327    13402     25   2879  -2928
73        2        2        4     -1    13319    13414     15   2880  -2928
74        2        2        4      0    13363    13360      8   2881  -2928
75        3        2        5      0    13378    13339     15   2881  -2928
76        2        2        4     -1    13344    13386     40   2882  -2928
77        3        2        5      0    13360    13356    -12   2883  -2928
78        2        2        4     -1    13356    13376    -33   2883  -2928
79        2        2        4      0    13346    13370    -31   2883  -2928
80        3        2        5      0    13388    13334    -64   2882  -2928
81        2        2        4     -1    13348    13376    -11   2880  -2928
82        2        2        4      0    13348    13377     46   2880  -2928
83        2        2        4      0    13360    13370     -3   2882  -2928
84        2        2        4      0    13375    13367    -57   2882  -2928
85        2        2        4      0    13340    13378     66   2881  -2928
86        3        2        5      0    13362    13377     59   2882  -2928
87        2        2        4      0    13356    13372      0   2884  -2928
88        2        2        4     -1    13340    13389     36   2883  -2928
89        2        2        4      0    13321    13392     53   2883  -2928
90        2        2        4      0    13344    13380     51   2883  -2928
91        3        3        6      1    13378    13355    -25   2884  -2928
92        2        1        3      0    13367    13365     42   2883  -2928
93        2        2        4     -1    13376    13365    -18   2883  -2928
94        2        3        5      0    13367    13363    -39   2884  -2928
95        3        2        5     -1    13377    13363      7   2883  -2928
96        2        2        4      1    13367    13357    -48   2883  -2928
97        2        2        4     -1    13369    13337    -53   2883  -2928
98        3        2        5      1    13398    13318    -27   2881  -2928
99        2        2        4     -2    13354    13390     58   2880  -2927
 0        2        2        4      1    13360    13374     42   2881  -2927
 1        2        2        4     -1    13353    13352     -4   2881  -2927
 2        3        2        5      0    13354    13364     22   2881  -2927
 3        2        2        4     -1    13382    13344     15   2882  -2927
 4        3        2        5      0    13368    13367     31   2882  -2927
 5        2        2        4     -1    13388    13333    -54   2882  -2927
 6        3        2        5      0    13377    13358    -19   2881  -2927
 7        2        2        4     -1    13344    13400     69   2881  -2927
 8        3        2        5      0    13367    13368      3   2881  -2927
 9        2        1        3     -2    13366    13359      6   2881  -2926
10        2        2        4      0    13370    13357     25   2880  -2926
11        2        1        3      0    13354    13370     41   2880  -2926
12        3        2        5     -1    13362    13367    -27   2881  -2926
13        2        2        4     -1    13350    13378     35   2881  -2926
14        3        2        5      0    13347    13379     55   2882  -2926
15        2        1        3     -1    13391    13344    -46   2883  -2926
16        3        2        5     -1    13382    13352    -14   2883  -2926
17        2        1        3     -1    13395    13330     -1   2882  -2926
18        3        2        5     -2    13355    13364     36   2882  -2925
19        2        2        4      0    13351    13380      8   2883  -2925
20        3        1        4     -1    13403    13306      5   2882  -2925
21        2        2        4      0    13363    13359     39   2882  -2925
22        3        3        6     -1    13370    13347    -68   2883  -2925
23        2        1        3     -1    13354    13364      2   2882  -2925
24        3        2        5     -1    13351    13370     56   2882  -2925
25        2        2        4      0    13361    13356    -16   2883  -2925
26        3        1        4      0    13368    13354    -22   2882  -2925
27        2        2        4     -2    13365    13359      0   2882  -2924
28        2        2        4      1    13358    13360    -24   2882  -2924
29        2        3        5      0    13346    13373     36   2882  -2924
30        2        1        3     -1    13382    13323    -46   2883  -2924
31        2        2        4      0    13382    13346    -38   2880  -2924
32        2        2        4      0    13344    13392     22   2880  -2924
