40        0        4        4      5    13351    13371    -20   2881  -1089
41        1        2        3      3    13363    13367      3   2880  -1090
42        1        3        4      0    13370    13351    -36   2881  -1090
43       -1        5        4      5    13353    13369     -8   2880  -1092
44        1        3        4      4    13360    13357    -39   2880  -1094
45        1        2        3      1    13372    13338    -73   2880  -1094
46        1        3        4      1    13368    13338      0   2879  -1094
47       -1        4        3      5    13372    13359    -16   2879  -1096
48        2        3        5      2    13354    13352    -57   2879  -1097
49        1        2        3      2    13373    13349     20   2879  -1098
50        0        4        4      2    13375    13326    -37   2880  -1099
51        0        3        3      3    13364    13337      7   2878  -1100
52        2        2        4      2    13375    13353    -38   2879  -1101
53        1        2        3     -1    13355    13381     21   2879  -1101
54        0        4        4      4    13366    13350    -23   2880  -1103
55        3        2        5      1    13367    13373     47   2880  -1103
56        2        2        4     -1    13351    13369     53   2881  -1103
57        1        3        4      1    13357    13373      4   2881  -1103
58        1        3        4      2    13378    13322    -18   2882  -1104
59        3        1        4      0    13360    13345     -2   2881  -1104
60        1        2        3     -1    13351    13374      7   2882  -1104
61        1        4        5      2    13354    13369     43   2882  -1105
62        2        2        4      2    13368    13348    -28   2882  -1106
63        2        1        3     -1    13369    13331    -57   2881  -1106
64        1        3        4      0    13373    13352    -60   2881  -1106
65        1        2        3      2    13362    13365    -19   2880  -1107
66        2        2        4      1    13342    13397     54   2881  -1107
67        3        2        5     -1    13374    13355    -37   2882  -1107
68        0        3        3      1    13352    13364    -45   2881  -1107
69        2        2        4      2    13372    13386    -32   2881  -1108
70        3        1        4     -1    13373    13357     -4   2880  -1108
71        1        3        4     -1    13338    13396     39   2879  -1108
72        1        2        3      2    13360    13389     38   2879  -1109
73        3        2        5      0    13359    13377    -23   2880  -1109
74        2        1        3     -1    13356    13370     17   2880  -1109
75        1        3        4      0    13345    13362    -57   2880  -1109
76        2        2        4      2    13374    13353    -40   2879  -1110
77        3        0        3     -2    13381    13349    -51   2878  -1109
78        1        2        3     -2    13359    13367    -33   2878  -1108
79        1        3        4      2    13372    13359    -17   2877  -1109
80        3        0        3      0    13349    13364     43   2876  -1109
81        3        1        4     -2    13363    13346     30   2877  -1108
82        0        3        3     -1    13362    13375    -29   2878  -1108
83        2        2        4      2    13382    13320    -29   2878  -1109
84        3        0        3     -1    13360    13371     44   2878  -1109
85        2        2        4     -2    13371    13356     13   2878  -1108
86        1        2        3      0    13343    13389     25   2878  -1108
87        3        1        4      0    13354    13374     53   2878  -1108
88        3        1        4     -3    13380    13331    -49   2879  -1107
89        2        2        4      0    13350    13368    -19   2878  -1107
90        2        2        4      2    13357    13377     11   2878  -1108
91        3        1        4     -2    13340    13372     30   2878  -1107
92        2        1        3     -3    13356    13359     38   2879  -1106
93        1        3        4      2    13356    13357     51   2879  -1107
94        3        1        4      0    13338    13374     57   2880  -1107
95        3        1        4     -2    13373    13350    -29   2881  -1106
96        2        2        4     -2    13360    13351      4   2880  -1105
97        1        2        3      2    13357    13363     46   2880  -1106
98        3        1        4     -2    13347    13372      1   2881  -1105
99        2        1        3     -2    13376    13348    -39   2881  -1104
 0        1        3        4      2    13375    13325    -59   2880  -1105
 1        2        1        3      0    13359    13380     17   2878  -1105
 2        3        1        4     -1    13392    13332    -76   2879  -1105
 3        1        3        4     -2    13357    13354     -3   2878  -1104
 4        2        2        4      2    13371    13357     -1   2879  -1105
 5        3        1        4     -1    13363    13352     39   2879  -1105
 6        2        1        3     -2    13374    13338      8   2880  -1104
 7        1        3        4      2    13356    13341      1   2880  -1105
 8        3        1        4      0    13369    13355     -5   2882  -1105
 9        3        1        4     -2    13347    13378     -1   2883  -1104
10        1        3        4      0    13384    13338    -74   2884  -1104
11        1        2        3      2    13366    13358     40   2882  -1105
12        3        2        5     -1    13380    13333      3   2882  -1105
13        2        1        3     -2    13371    13352     22   2882  -1104
14        1        4        5      2    13382    13360     21   2881  -1105
15        2        1        3      1    13358    13352      3   2882  -1105
16        3        1        4     -1    13333    13423     46   2882  -1105
17        1        3        4     -1    13370    13357    -22   2883  -1105
18        1        2        3      2    13377    13334    -48   2882  -1106
19        3        1        4      0    13326    13418     14   2883  -1106
20        2        2        4     -2    13362    13356    -18   2884  -1105
21        1        3        4      2    13386    13341    -47   2882  -1106
22        2        2        4      1    13351    13371     19   2882  -1106
23        3        1        4     -1    13365    13345     14   2882  -1106
24        1        3        4     -1    13352    13383    -21   2883  -1106
25        1        2        3      3    13377    13346    -56   2882  -1107
26        4        1        5     -2    13369    13371    -46   2882  -1106
27        2        2        4     -1    13369    13360    -21   2881  -1106
28        0        3        3      1    13330    13428     29   2881  -1106
29        3        1        4      1    13357    13359     -6   2881  -1106
30        3        1        4     -2    13366    13358    -40   2881  -1105
31        1        3        4     -1    13362    13340     -1   2879  -1105
32        2        2        4      2    13348    13365    -24   2880  -1106
33        3        0        3     -2    13358    13363    -22   2880  -1105
34        2        2        4     -2    13378    13370    -19   2881  -1104
35        1        3        4      1    13365    13371    -26   2881  -1104
36        2        1        3      0    13368    13352     -6   2882  -1104
37        3        1        4     -1    13366    13351      6   2881  -1104
38        1        3        4      0    13346    13397     71   2882  -1104
39        1        2        3      2    13366    13356    -31   2883  -1105
40        3        1        4      0    13368    13361    -34   2883  -1105
41        2        2        4     -2    13358    13366    -27   2883  -1104
42        1        3        4      2    13383    13325    -45   2882  -1105
43        2        1        3      0    13372    13350    -65   2882  -1105
44        3        1        4     -1    13354    13377     10   2882  -1105
45        0        3        3      0    13358    13358    -14   2883  -1105
46        2        2        4      2    13370    13359    -39   2884  -1106
47        3        1        4     -1    13395    13325    -58   2883  -1106
48        2        2        4     -2    13359    13373    -24   2883  -1105
49        1        3        4      2    13376    13344    -44   2884  -1106
50        2        1        3      0    13374    13334    -71   2884  -1106
51        3        1        4     -1    13345    13383     52   2882  -1106
52        0        4        4      0    13386    13325    -79   2882  -1106
53        2        1        3      3    13374    13343    -18   2881  -1107
54        2        1        3     -2    13350    13381     46   2881  -1106
55        1        3        4      0    13370    13340     26   2882  -1106
56        1        3        4      3    13360    13344     48   2882  -1107
57        3        1        4      0    13378    13355    -65   2883  -1107
58        2        1        3     -3    13351    13377     15   2882  -1106
59        0        3        3      2    13343    13367    -13   2883  -1107
60        2        2        4      2    13367    13352    -57   2883  -1108
61        3        1        4     -1    13353    13367    -36   2881  -1108
62        0        3        3     -1    13333    13362     42   2882  -1108
63        1        2        3      3    13370    13346     18   2882  -1109
64        3        2        5      0    13362    13348     29   2883  -1109
65        2        1        3     -2    13344    13402    -10   2883  -1108
66        1        3        4      2    13388    13325    -29   2882  -1109
67        2        2        4      1    13364    13351     25   2882  -1109
68        3        1        4     -1    13343    13375    -13   2884  -1109
69        1        3        4     -1    13357    13359    -27   2885  -1109
70        1        2        3      3    13375    13327    -36   2884  -1110
71        3        1        4     -1    13356    13386     54   2883  -1110
72        2        2        4     -2    13357    13352     30   2884  -1109
73        0        4        4      4    13352    13351     39   2885  -1111
74        3        1        4      0    13368    13350     28   2885  -1111
75        2        1        3     -3    13360    13370      2   2885  -1110
76        1        3        4      2    13358    13364     36   2886  -1111
77        2        2        4      1    13351    13371     47   2886  -1111
78        3        1        4     -2    13368    13344      3   2887  -1110
79        1        2        3      0    13376    13327    -50   2887  -1110
80        1        3        4      2    13363    13356    -15   2886  -1111
81        3        1        4      0    13361    13353    -18   2884  -1111
82        2        1        3     -2    13358    13344    -35   2884  -1110
83        0        3        3      1    13372    13356    -15   2884  -1110
84        2        2        4      1    13372    13328    -17   2884  -1110
85        3        1        4     -1    13331    13413      2   2885  -1110
86        1        2        3      0    13375    13334    -48   2885  -1110
87        1        3        4      3    13382    13342    -23   2884  -1111
88        2        0        2     -1    13365    13358     12   2883  -1111
89        2        2        4     -2    13345    13385     40   2883  -1110
90        1        3        4      2    13373    13345     43   2884  -1111
91        2        1        3      1    13358    13358    -19   2884  -1111
92        3        1        4     -2    13360    13364     48   2884  -1110
93        1        3        4      0    13366    13351      8   2884  -1110
94        2        2        4      1    13360    13367     71   2884  -1110
95        3        0        3     -2    13363    13365     11   2885  -1109
96        1        2        3     -2    13386    13346    -33   2885  -1108
97        2        3        5      2    13349    13389     22   2884  -1109
98        2        0        2     -1    13378    13330    -49   2884  -1109
99        3        2        5     -2    13342    13396     37   2883  -1108
 0        1        3        4      1    13372    13354    -24   2884  -1108
 1        2        1        3      2    13346    13394     14   2885  -1109
 2        3        1        4     -2    13381    13365    -29   2884  -1108
 3        1        3        4     -2    13389    13355     -1   2883  -1107
 4        2        2        4      3    13387    13345    -62   2884  -1108
 5        3        0        3     -2    13364    13366    -26   2884  -1107
 6        2        2        4     -2    13362    13357    -20   2885  -1106
 7        1        3        4      2    13352    13372     19   2885  -1107
 8        3        1        4     -1    13367    13356    -37   2886  -1107
 9        3        0        3     -2    13357    13342    -24   2885  -1106
10        1        3        4      0    13348    13363     30   2886  -1106
11        2        2        4      1    13376    13373      1   2885  -1106
12        3        0        3     -2    13359    13355     28   2884  -1105
13        1        3        4     -2    13384    13335    -29   2886  -1104
14        2        2        4      3    13350    13353     31   2886  -1105
15        2        1        3     -1    13367    13360    -50   2886  -1105
16        2        2        4     -1    13357    13366    -30   2886  -1105
17        1        2        3      1    13351    13371    -18   2886  -1105
18        3        2        5      0    13370    13352      8   2886  -1105
19        3        0        3     -2    13376    13338     23   2886  -1104
20        1        3        4     -1    13373    13381     35   2885  -1104
21        2        2        4      2    13353    13383      9   2884  -1105
22        3        0        3     -2    13362    13373    -14   2885  -1104
23        2        2        4     -2    13359    13367     29   2884  -1103
24        1        3        4      2    13374    13379    -22   2885  -1104
25        3        0        3     -1    13375    13339    -78   2885  -1104
26        2        2        4     -2    13375    13346     -3   2883  -1103
27        1        3        4      1    13332    13386     52   2884  -1103
28        2        1        3      2    13369    13358    -36   2886  -1104
29        2        2        4     -2    13362    13379     18   2886  -1103
30        1        2        3      0    13363    13367    -32   2886  -1103
31        2        3        5      3    13337    13399      5   2885  -1104
32        2        0        2     -1    13335    13391     -3   2886  -1104
33        1        2        3     -2    13329    13391     -6   2887  -1103
34        1        3        4      3    13356    13348     22   2886  -1104
35        3        1        4     -1    13379    13354     -1   2886  -1104
36        2        1        3     -1    13357    13378    -39   2886  -1104
37        0        3        3      0    13368    13360     14   2885  -1104
38        2        2        4      2    13355    13358    -59   2886  -1105
39        3        1        4     -2    13378    13345    -47   2886  -1104
40        1        2        3      0    13342    13395     21   2886  -1104
41        2        3        5      3    13374    13342    -53   2886  -1105
42        2        0        2     -2    13346    13382     23   2886  -1104
43        2        2        4     -1    13357    13356     24   2887  -1104
44        0        4        4      3    13370    13365    -44   2888  -1105
45        3        1        4      1    13340    13370    -17   2888  -1105
46        2        2        4     -2    13368    13373    -31   2888  -1104
47        0        3        3      2    13353    13393     -8   2888  -1105
48        2        2        4      2    13369    13357    -45   2888  -1106
49        3        1        4     -1    13337    13399     35   2888  -1106
50        1        2        3     -2    13384    13347    -28   2888  -1105
51        2        3        5      3    13373    13350    -21   2888  -1106
52        2        1        3      0    13335    13397     78   2887  -1106
53        2        2        4     -2    13353    13391    -19   2888  -1105
54        0        3        3      3    13364    13359    -32   2888  -1106
55        2        2        4      0    13366    13360    -68   2888  -1106
56        3        1        4      0    13363    13349    -33   2887  -1106
57        1        3        4      0    13357    13347     13   2887  -1106
58        2        2        4      0    13380    13342     17   2887  -1106
59        3        0        3     -1    13368    13357     -7   2886  -1106
60        1        3        4     -2    13361    13367    -16   2887  -1105
61        1        2        3      4    13361    13371      3   2886  -1107
62        3        2        5     -1    13363    13367     36   2887  -1107
63        2        2        4     -1    13356    13373     -5   2888  -1107
64        0        3        3      3    13398    13308    -11   2888  -1108
65        3        2        5      0    13368    13353     17   2888  -1108
66        2        2        4      0    13353    13366     42   2888  -1108
67        0        3        3      0    13400    13323    -23   2888  -1108
68        2        2        4      3    13377    13359    -35   2888  -1109
69        2        1        3     -1    13361    13374    -12   2888  -1109
70        1        3        4      0    13377    13342    -22   2887  -1109
71        1        2        3      3    13350    13378    -29   2886  -1110
72        3        2        5     -1    13377    13328    -11   2887  -1110
73        1        2        3      0    13373    13333    -34   2888  -1110
74        1        2        3      1    13394    13315    -18   2887  -1110
75        3        1        4      0    13369    13371    -14   2887  -1110
76        2        1        3     -2    13357    13348    -44   2887  -1109
77        1        3        4      1    13343    13379     39   2886  -1109
78        2        1        3      1    13364    13356    -24   2886  -1109
79        2        1        3     -1    13389    13314     -3   2885  -1109
80        0        3        3      0    13375    13351    -47   2885  -1109
81        1        3        4      3    13338    13399      2   2885  -1110
82        3        1        4     -1    13377    13332    -61   2885  -1110
83        1        2        3      0    13341    13399    -21   2886  -1110
84        1        2        3      1    13363    13351    -21   2887  -1110
85        3        1        4      0    13366    13345    -72   2887  -1110
86        2        2        4     -2    13367    13367     16   2886  -1109
87        1        3        4      0    13368    13354     12   2886  -1109
88        2        1        3      2    13383    13343    -68   2886  -1110
89        3        1        4     -1    13345    13374     15   2885  -1110
90        0        3        3     -1    13376    13339    -23   2885  -1110
91        2        2        4      2    13352    13368     23   2885  -1111
92        3        0        3     -1    13367    13353    -17   2886  -1111
93        2        2        4     -2    13362    13358     10   2886  -1110
94        1        2        3      1    13348    13378     52   2886  -1110
95        3        1        4     -1    13371    13355    -17   2886  -1110
96        2        1        3     -2    13374    13360     25   2886  -1109
97        1        3        4      1    13400    13319     -9   2886  -1109
98        3        1        4      0    13351    13382     11   2886  -1109
99        3        0        3     -2    13350    13383     70   2888  -1108
 0        1        3        4     -1    13352    13385     -6   2890  -1108
 1        2        2        4      3    13375    13341    -36   2889  -1109
 2        3        1        4     -3    13385    13314    -39   2888  -1108
 3        2        2        4     -2    13331    13395     61   2887  -1107
 4        1        2        3      2    13352    13378     44   2887  -1108
 5        3        1        4      0    13389    13335     -2   2887  -1108
 6        2        1        3     -3    13372    13346    -38   2887  -1107
 7        1        4        5      2    13354    13377     64   2887  -1108
 8        2        0        2      0    13366    13342    -35   2887  -1108
 9        3        1        4     -2    13354    13348     24   2886  -1107
10        1        3        4      0    13357    13381      8   2887  -1107
11        2        1        3      1    13370    13344    -12   2886  -1107
12        3        1        4     -1    13345    13396     73   2885  -1107
13        1        3        4     -1    13371    13350     43   2886  -1107
14        1        2        3      3    13340    13392     57   2887  -1108
15        3        1        4     -1    13354    13376     -3   2888  -1108
16        2        3        5     -2    13363    13375      0   2888  -1107
17        1        2        3      2    13366    13367     -9   2888  -1108
18        3        1        4      0    13355    13362    -38   2888  -1108
19        3        1        4     -3    13368    13350    -23   2887  -1107
20        0        2        2      0    13363    13361     13   2886  -1107
21        3        2        5      1    13359    13365     -7   2886  -1107
22        3        0        3     -2    13366    13376    -37   2887  -1106
23        1        2        3     -1    13365    13358      1   2886  -1106
24        2        2        4      2    13363    13366     -7   2887  -1107
25        3        1        4     -3    13385    13343    -32   2886  -1106
26        2        1        3     -2    13384    13343    -54   2886  -1105
27        1        2        3      1    13370    13357      8   2885  -1105
28        3        1        4     -1    13378    13353    -67   2885  -1105
29        2        1        3     -2    13354    13380    -31   2885  -1104
30        1        3        4      2    13349    13377     30   2887  -1105
31        2        1        3      0    13356    13351    -10   2887  -1105
32        2        1        3     -1    13360    13367    -31   2888  -1105
33        1        3        4     -1    13372    13362    -11   2887  -1105
34        2        2        4      2    13366    13365      4   2887  -1106
35        3        0        3     -1    13365    13361     -2   2886  -1106
36        1        3        4     -1    13364    13352    -50   2886  -1106
37        1        1        2      2    13380    13349    -34   2884  -1107
38        3        1        4     -1    13357    13384     66   2884  -1107
39        2        2        4     -2    13364    13372    -27   2886  -1106
40        0        3        3      3    13347    13372     22   2886  -1107
41        3        1        4      0    13342    13403     67   2886  -1107
42        2        1        3     -2    13366    13356    -51   2887  -1106
43        1        3        4      1    13378    13340    -10   2885  -1106
44        2        1        3      1    13347    13358    -26   2886  -1106
45        3        1        4     -3    13367    13360      2   2886  -1105
46        0        3        3      1    13376    13328     -5   2887  -1105
47        2        2        4      3    13357    13373    -11   2889  -1106
48        2        1        3     -2    13390    13315    -60   2888  -1105
49        2        2        4     -1    13390    13332    -16   2886  -1105
50        1        3        4      3    13373    13355    -36   2886  -1106
51        2        0        2     -2    13361    13383     -7   2886  -1105
52        2        2        4     -1    13381    13342    -34   2886  -1105
53        1        3        4      2    13342    13375    -12   2886  -1106
54        3        1        4      0    13325    13407     21   2887  -1106
55        2        1        3     -3    13393    13310    -29   2887  -1105
56        1        3        4      1    13364    13391     25   2887  -1105
57        2        1        3      2    13370    13359     -1   2887  -1106
58        2        1        3     -2    13379    13343    -23   2886  -1105
59        1        4        5      1    13356    13380     13   2887  -1105
60        1        2        3      4    13344    13387     37   2888  -1107
61        2        2        4     -1    13360    13353     15   2888  -1107
62        1        2        3     -1    13353    13366     16   2888  -1107
63        1        3        4      4    13354    13372     21   2889  -1109
64        3        2        5     -1    13332    13379     15   2889  -1109
65        1        2        3      0    13341    13392    -14   2890  -1109
66        1        3        4      2    13380    13341    -68   2890  -1110
67        2        1        3      1    13348    13385     10   2890  -1110
68        2        1        3     -2    13370    13361    -50   2890  -1109
69        1        4        5      1    13374    13364    -48   2890  -1109
70        2        1        3      2    13358    13372     16   2889  -1110
71        3        2        5     -2    13368    13367    -14   2889  -1109
72        1        3        4      0    13374    13367    -35   2890  -1109
73        1        1        2      2    13361    13360      9   2890  -1110
74        4        1        5     -2    13355    13356     -1   2891  -1109
75        2        2        4     -2    13357    13369     13   2892  -1108
76        1        2        3      1    13357    13359     39   2891  -1108
77        3        0        3     -1    13371    13345    -11   2891  -1108
78        2        2        4     -2    13388    13341     15   2889  -1107
79        1        2        3      1    13382    13331     -5   2889  -1107
80        3        1        4      0    13362    13377    -11   2890  -1107
81        3        1        4     -3    13365    13375      9   2889  -1106
82        1        3        4      1    13351    13381     32   2889  -1106
83        2        1        3      0    13363    13385     29   2890  -1106
84        4        1        5     -2    13340    13406     40   2891  -1105
85        1        3        4     -1    13375    13355    -45   2891  -1105
86        2        1        3      2    13355    13364    -50   2891  -1106
87        3        1        4     -2    13354    13358     23   2891  -1105
88        1        3        4      0    13368    13352    -74   2891  -1105
89        1        3        4      3    13349    13350     27   2890  -1106
90        2        1        3      0    13386    13343    -39   2891  -1106
91        2        2        4     -2    13361    13358    -47   2891  -1105
92        1        3        4      1    13380    13337    -29   2891  -1105
93        2        1        3      2    13395    13341    -10   2890  -1106
94        3        1        4     -2    13380    13341      5   2890  -1105
95        0        3        3      0    13362    13358     15   2890  -1105
96        2        2        4      1    13358    13385     10   2889  -1105
97        3        1        4      0    13374    13361     -5   2889  -1105
98        0        3        3     -1    13358    13360      7   2889  -1105
99        2        2        4      3    13370    13361    -13   2889  -1106
 0        2        1        3     -1    13358    13373    -21   2890  -1106
 1        2        3        5     -1    13360    13374     45   2890  -1106
 2        1        2        3      3    13385    13339     -6   2890  -1107
 3        2        1        3      0    13328    13421     47   2891  -1107
 4        1        2        3     -2    13363    13357     13   2892  -1106
 5        1        4        5      4    13402    13326    -41   2892  -1108
 6        2        1        3      1    13373    13351    -28   2892  -1108
 7        2        1        3     -3    13390    13330    -11   2891  -1107
 8        0        3        3      3    13359    13353    -17   2890  -1108
 9        2        1        3      0    13365    13365    -15   2890  -1108
10        3        1        4     -1    13363    13365     18   2889  -1108
11        0        3        3      0    13373    13358      3   2888  -1108
12        2        2        4      2    13389    13355     20   2889  -1109
13        3        1        4     -2    13355    13389    -16   2890  -1108
14        2        3        5     -1    13374    13354      9   2890  -1108
15        1        2        3      2    13355    13365      7   2891  -1109
16        3        1        4      0    13377    13333    -36   2890  -1109
17        1        2        3     -2    13365    13362    -25   2890  -1108
18        1        3        4      3    13367    13367    -64   2890  -1109
19        3        1        4      0    13378    13361    -15   2889  -1109
20        1        1        2     -2    13360    13368     30   2889  -1108
21        1        3        4      2    13347    13401     64   2890  -1109
22        3        2        5      0    13370    13348     21   2890  -1109
23        2        1        3     -2    13356    13364     32   2890  -1108
24        1        3        4      2    13365    13357     22   2891  -1109
25        2        2        4      1    13352    13390     19   2892  -1109
26        3        1        4     -2    13356    13396     34   2891  -1108
27        0        3        3      0    13393    13336    -22   2890  -1108
28        2        2        4      4    13367    13377    -35   2890  -1110
29        2        1        3     -2    13389    13350    -38   2889  -1109
30        2        3        5     -1    13376    13349    -14   2888  -1109
31        1        3        4      4    13365    13359      5   2888  -1111
32        2        1        3     -2    13355    13377     64   2888  -1110
33        2        2        4      0    13374    13357     -9   2889  -1110
34        1        3        4      2    13370    13364    -37   2890  -1111
35        3        1        4     -1    13376    13342    -39   2890  -1111
36        2        1        3     -1    13379    13338    -75   2890  -1111
37        0        3        3      1    13380    13364    -32   2890  -1111
38        3        2        5      2    13359    13375     34   2889  -1112
39        2        1        3     -2    13342    13388     67   2889  -1111
40        1        3        4      0    13366    13368    -27   2890  -1111
41        2        2        4      3    13349    13370     56   2889  -1112
42        2        1        3     -2    13385    13354     41   2889  -1111
43        1        2        3     -1    13382    13351    -74   2890  -1111
44        1        3        4      3    13359    13360    -21   2889  -1112
45        3        1        4     -1    13371    13349    -53   2889  -1112
46        1        2        3      0    13359    13367    -33   2889  -1112
47        1        3        4      2    13357    13395     38   2889  -1113
48        2        2        4      1    13364    13346    -27   2890  -1113
49        2        1        3     -2    13371    13361    -12   2889  -1112
50        0        3        3      3    13370    13365    -35   2889  -1113
51        2        2        4      2    13358    13356    -40   2889  -1114
52        1        2        3     -1    13353    13362    -24   2889  -1114
53        0        4        4      3    13357    13382     10   2891  -1115
54        2        1        3      2    13349    13391     54   2892  -1116
55        3        0        3     -3    13358    13366    -51   2893  -1115
56        1        3        4     -2    13320    13433      7   2893  -1114
57        2        1        3      2    13402    13321    -76   2893  -1115
58        3        0        3     -3    13358    13367     -7   2892  -1114
59        2        2        4     -1    13352    13353     -4   2892  -1114
60        1        2        3      1    13365    13359     -6   2892  -1114
61        4        0        4     -2    13364    13353    -38   2891  -1113
62        2        2        4     -2    13358    13382    -12   2892  -1112
63        1        2        3      1    13374    13343     -2   2892  -1112
64        4        1        5     -1    13381    13348    -38   2892  -1112
65        2        1        3     -3    13373    13369     -1   2892  -1111
66        2        2        4      0    13367    13377    -26   2893  -1111
67        3        1        4     -1    13387    13327    -14   2892  -1111
68        3        1        4     -3    13382    13350      8   2891  -1110
69        1        3        4      1    13361    13363     12   2891  -1110
70        2        1        3      1    13355    13375    -20   2893  -1110
71        3        1        4     -3    13374    13358    -64   2893  -1109
72        1        2        3      0    13382    13347    -46   2892  -1109
73        2        2        4      1    13354    13369     -8   2891  -1109
74        3        0        3     -1    13353    13372     71   2891  -1109
75        2        2        4     -2    13352    13361      5   2893  -1108
76        1        2        3      1    13375    13341    -44   2894  -1108
77        4        0        4     -2    13377    13341    -25   2893  -1107
78        2        2        4     -2    13370    13355     11   2892  -1106
79        1        2        3      1    13367    13360    -45   2892  -1106
80        3        1        4     -1    13378    13345    -17   2892  -1106
81        3        2        5     -2    13377    13354    -43   2893  -1105
82        1        2        3      1    13380    13345      6   2890  -1105
83        3        2        5      0    13365    13350    -18   2892  -1105
84        3        0        3     -2    13336    13396     59   2891  -1104
85        0        3        3     -1    13373    13345    -51   2891  -1104
86        3        1        4      2    13366    13362     10   2891  -1105
87        3        1        4     -3    13388    13326     14   2891  -1104
88        1        2        3      0    13360    13374     19   2890  -1104
89        2        2        4      1    13379    13345     17   2890  -1104
90        3        0        3     -2    13357    13363      5   2889  -1103
91        1        3        4     -1    13364    13377     -8   2890  -1103
92        1        2        3      2    13358    13360    -39   2891  -1104
93        3        1        4     -1    13361    13363     33   2890  -1104
94        1        2        3      0    13346    13383      0   2891  -1104
95        1        2        3      1    13355    13364     24   2891  -1104
96        2        1        3      1    13354    13382     77   2891  -1104
97        2        2        4     -2    13369    13336    -15   2892  -1103
98        1        3        4      2    13376    13367      4   2892  -1104
99        3        1        4      0    13375    13349     -2   2892  -1104
 0        2        1        3     -2    13386    13336    -24   2894  -1103
 1        1        3        4      1    13383    13323     -7   2892  -1103
 2        2        2        4      2    13370    13349     14   2892  -1104
 3        2        1        3     -3    13362    13380    -38   2892  -1103
 4        1        3        4      1    13374    13340    -24   2891  -1103
 5        1        2        3      2    13385    13331    -59   2891  -1104
 6        3        0        3     -1    13363    13374     -3   2891  -1104
 7        1        3        4     -1    13377    13347    -10   2891  -1104
 8        1        2        3      2    13380    13346    -60   2891  -1105
 9        3        1        4      0    13370    13359      2   2891  -1105
10        1        2        3     -2    13374    13366    -24   2890  -1104
