92        1        4        5      2    13342    13342     -4   1462  -2514
93        1        4        5      3    13345    13337    -38   1462  -2515
94        1        3        4      3    13343    13336    -53   1462  -2516
95        1        4        5      2    13369    13317    -44   1461  -2517
96        2        3        5      2    13339    13342    -37   1461  -2518
97        1        3        4      2    13339    13344    -44   1461  -2519
98        2        4        6      2    13337    13340    -13   1461  -2520
99        1        3        4      1    13337    13346    -25   1461  -2520
 0        2        3        5      1    13336    13354     53   1461  -2520
 1        2        3        5      2    13337    13344     13   1462  -2521
 2        1        2        3      1    13340    13341      4   1462  -2521
 3        2        3        5      1    13339    13340    -26   1462  -2521
 4        2        3        5      1    13348    13338     -3   1461  -2521
 5        2        3        5      2    13335    13344    -16   1461  -2522
 6        1        3        4      1    13346    13340    -25   1461  -2522
 7        2        3        5      0    13350    13334    -40   1461  -2522
 8        3        3        6      1    13343    13339    -66   1461  -2522
 9        2        3        5      1    13337    13347    -29   1460  -2522
10        2        2        4      1    13341    13339    -24   1460  -2522
11        2        3        5     -1    13344    13345    -32   1460  -2522
12        2        3        5      1    13341    13337    -43   1460  -2522
13        3        2        5      0    13338    13337      3   1459  -2522
14        2        3        5      1    13341    13343     -2   1459  -2522
15        2        3        5      0    13340    13333    -18   1459  -2522
16        2        2        4      1    13352    13339    -65   1459  -2522
17        2        3        5      0    13333    13345     15   1458  -2522
18        2        3        5      1    13340    13347     37   1458  -2522
19        2        3        5      1    13338    13344     49   1458  -2522
20        2        2        4      0    13348    13341     -5   1459  -2522
21        2        3        5      2    13347    13331    -66   1459  -2523
22        2        3        5      0    13342    13343    -70   1459  -2523
23        2        2        4      0    13335    13343     17   1458  -2523
24        2        3        5      1    13343    13345     30   1458  -2523
25        2        3        5      1    13344    13337     -9   1458  -2523
26        3        2        5      1    13343    13340    -28   1458  -2523
27        2        3        5     -1    13346    13339    -26   1458  -2523
28        2        3        5      2    13339    13348    -18   1458  -2524
29        2        3        5      1    13341    13345    -47   1457  -2524
30        2        3        5      1    13335    13341    -19   1457  -2524
31        2        3        5      1    13336    13345     15   1457  -2524
32        1        3        4      1    13343    13344     37   1457  -2524
33        2        3        5      1    13330    13349     65   1457  -2524
34        2        3        5      1    13335    13340    -12   1458  -2524
35        2        3        5      2    13345    13344     -6   1458  -2525
36        2        3        5      1    13338    13347     -1   1458  -2525
37        2        2        4      1    13338    13345      8   1458  -2525
38        2        3        5     -1    13360    13325    -70   1458  -2525
39        2        3        5      2    13325    13359     34   1456  -2526
40        2        3        5      1    13328    13356     47   1457  -2526
41        1        2        3      1    13339    13337     13   1458  -2526
42        2        4        6      1    13333    13340     26   1458  -2526
43        2        3        5      2    13331    13340     45   1458  -2527
44        1        3        4      1    13332    13348     63   1458  -2527
45        2        3        5      2    13337    13344      4   1459  -2528
46        1        3        4      1    13337    13336    -13   1459  -2528
47        1        3        4      3    13343    13332    -53   1459  -2529
48        2        3        5      1    13345    13339    -46   1458  -2529
49        2        4        6      2    13339    13346      5   1457  -2530
50        1        3        4      1    13348    13341     38   1457  -2530
51        2        3        5      1    13345    13344     48   1457  -2530
52        2        3        5      1    13340    13342     57   1457  -2530
53        2        3        5      2    13328    13348     72   1457  -2531
54        1        3        4      1    13339    13347     25   1458  -2531
55        2        2        4      1    13329    13343     56   1458  -2531
56        2        3        5      0    13343    13337     -8   1459  -2531
57        2        3        5      1    13342    13336    -13   1459  -2531
58        3        2        5      0    13346    13335    -61   1459  -2531
59        2        2        4      0    13340    13347      7   1458  -2531
60        2        3        5      0    13344    13344      8   1458  -2531
61        3        2        5     -1    13345    13337      5   1458  -2531
62        2        3        5      1    13344    13341    -23   1458  -2531
63        2        2        4      0    13342    13339    -33   1458  -2531
64        2        3        5      1    13340    13339    -32   1458  -2531
65        3        2        5      0    13338    13351     -4   1458  -2531
66        2        2        4      0    13344    13339     -8   1458  -2531
67        2        3        5      0    13344    13343     -8   1458  -2531
68        2        2        4      1    13336    13339      1   1458  -2531
69        3        3        6      0    13344    13341      3   1458  -2531
70        2        3        5      0    13346    13337    -23   1458  -2531
71        2        3        5      1    13349    13331    -73   1458  -2531
72        2        2        4      0    13340    13343     -4   1457  -2531
73        3        3        6      1    13338    13349     31   1457  -2531
74        2        2        4     -1    13338    13347     68   1457  -2531
75        2        3        5      1    13342    13342     -4   1458  -2531
76        2        2        4      1    13338    13343    -11   1458  -2531
77        2        3        5      0    13340    13351     39   1458  -2531
78        3        2        5      0    13340    13351     -5   1459  -2531
79        2        3        5      0    13347    13338    -54   1459  -2531
80        3        2        5      1    13339    13343      0   1458  -2531
81        2        3        5     -1    13344    13345    -19   1458  -2531
82        2        2        4      1    13340    13337    -38   1458  -2531
83        2        3        5      0    13344    13337    -69   1458  -2531
84        3        3        6      1    13335    13353     53   1457  -2531
85        2        2        4     -1    13349    13323     -8   1458  -2531
86        2        3        5      1    13336    13349     49   1458  -2531
87        2        3        5      1    13338    13341      6   1459  -2531
88        2        2        4      1    13345    13339    -50   1459  -2531
89        2        3        5      0    13342    13337    -50   1458  -2531
90        2        3        5      1    13342    13341      2   1457  -2531
91        3        2        5      1    13336    13347     16   1457  -2531
92        2        3        5      0    13330    13350     74   1457  -2531
93        2        3        5      1    13336    13345     25   1458  -2531
94        2        3        5      0    13344    13342     23   1458  -2531
95        2        2        4      1    13340    13349     15   1458  -2531
96        2        3        5      0    13342    13333     -2   1458  -2531
97        2        3        5      1    13344    13333    -36   1458  -2531
98        2        3        5      1    13344    13341    -63   1458  -2531
99        2        2        4      0    13334    13355    -37   1457  -2531
 0        3        2        5      0    13336    13346     15   1457  -2531
 1        2        3        5      0    13344    13345     38   1457  -2531
 2        2        2        4      0    13336    13347      4   1458  -2531
 3        3        2        5      0    13344    13341      1   1458  -2531
 4        2        3        5      0    13333    13344      5   1458  -2531
 5        3        2        5     -1    13349    13317    -11   1458  -2531
 6        2        3        5      1    13339    13343    -13   1458  -2531
 7        2        2        4      0    13342    13345     15   1458  -2531
 8        3        2        5      1    13342    13341     26   1458  -2531
 9        2        3        5     -1    13342    13337     -9   1458  -2531
10        2        3        5      1    13346    13322    -49   1458  -2531
11        3        2        5      0    13340    13343    -49   1458  -2531
12        2        3        5      0    13342    13345    -22   1458  -2531
13        2        2        4      0    13340    13343    -12   1458  -2531
14        3        2        5      0    13342    13342    -15   1458  -2531
15        3        3        6      0    13342    13340    -10   1458  -2531
16        2        3        5      0    13348    13331    -54   1458  -2531
17        2        2        4      0    13344    13332    -76   1458  -2531
18        3        2        5      0    13345    13345     22   1457  -2531
19        3        3        6     -1    13347    13344     33   1457  -2531
20        2        2        4      0    13336    13349     51   1457  -2531
21        3        2        5     -1    13334    13345     57   1457  -2531
22        3        2        5      0    13349    13339     39   1457  -2531
23        3        2        5     -2    13335    13348     74   1457  -2530
24        3        2        5      0    13346    13348     13   1458  -2530
25        2        2        4      0    13342    13343     31   1458  -2530
26        3        2        5     -1    13339    13350     60   1458  -2530
27        3        2        5     -1    13338    13338     -5   1459  -2530
28        2        3        5      0    13350    13339    -46   1459  -2530
29        3        2        5     -1    13340    13338    -12   1458  -2530
30        2        2        4      0    13342    13344      7   1458  -2530
31        3        2        5     -1    13335    13344     31   1458  -2530
32        2        2        4      0    13336    13342      1   1459  -2530
33        3        2        5     -1    13340    13345     18   1459  -2530
34        3        2        5      0    13343    13336     -6   1459  -2530
35        2        2        4     -1    13339    13338    -21   1459  -2530
36        3        2        5     -1    13337    13340    -40   1459  -2530
37        3        2        5      0    13345    13345      1   1458  -2530
38        2        2        4      0    13342    13343     -6   1458  -2530
39        3        2        5     -1    13334    13342    -29   1458  -2530
40        3        3        6      0    13332    13344    -27   1458  -2530
41        2        2        4     -1    13343    13345    -26   1458  -2530
42        3        2        5     -1    13335    13343    -36   1458  -2530
43        3        2        5     -1    13334    13344    -19   1458  -2530
44        3        2        5     -1    13344    13334     -8   1458  -2530
45        3        2        5     -1    13343    13343    -45   1458  -2530
46        3        2        5     -1    13339    13337    -55   1458  -2530
47        3        2        5      0    13342    13342     -8   1457  -2530
48        3        2        5     -1    13341    13336     -5   1457  -2530
49        2        2        4     -1    13339    13344    -27   1457  -2530
50        3        2        5     -1    13333    13345    -12   1457  -2530
51        2        2        4      0    13332    13349     36   1457  -2530
52        3        2        5      0    13334    13347     13   1458  -2530
53        2        2        4      0    13336    13345     65   1458  -2530
54        3        3        6     -1    13338    13350     -8   1459  -2530
55        2        2        4      0    13342    13345     23   1459  -2530
56        3        3        6      1    13342    13349     41   1459  -2530
57        2        2        4     -1    13340    13349     72   1459  -2530
58        2        3        5      1    13344    13342     -5   1460  -2530
59        2        2        4      0    13348    13339    -10   1459  -2530
60        3        3        6      1    13344    13343    -16   1459  -2530
61        2        3        5      0    13336    13347     -2   1459  -2530
62        2        2        4      0    13338    13352     49   1459  -2530
63        2        3        5      1    13338    13340     -2   1460  -2530
64        2        3        5      2    13346    13329    -28   1460  -2531
65        1        3        4      1    13342    13349      2   1460  -2531
66        2        3        5      1    13334    13347     21   1460  -2531
67        2        2        4      1    13337    13349     71   1460  -2531
68        2        3        5      2    13347    13340      0   1461  -2532
69        1        3        4      0    13343    13337    -13   1460  -2532
70        2        3        5      1    13344    13341    -24   1460  -2532
71        2        3        5      1    13342    13334    -71   1460  -2532
72        2        3        5      1    13344    13337    -22   1459  -2532
73        2        3        5      2    13343    13347    -31   1459  -2533
74        2        2        4      1    13339    13347    -12   1459  -2533
75        1        3        4      1    13335    13348     49   1459  -2533
76        2        3        5      0    13336    13349     30   1460  -2533
77        2        3        5      1    13336    13349     71   1460  -2533
78        2        2        4      1    13347    13345     -6   1461  -2533
79        2        3        5      0    13342    13333     -8   1460  -2533
80        2        3        5      1    13336    13347     43   1460  -2533
81        3        2        5      1    13346    13341     50   1460  -2533
82        2        3        5     -1    13340    13347     56   1460  -2533
83        2        3        5      1    13342    13347     -3   1461  -2533
84        2        2        4      0    13346    13339     -4   1461  -2533
85        3        2        5      0    13340    13341    -23   1461  -2533
86        2        3        5      0    13346    13337    -63   1461  -2533
87        2        2        4      0    13346    13336     -3   1460  -2533
88        3        2        5      0    13342    13347      8   1460  -2533
89        2        3        5      0    13335    13345    -55   1460  -2533
90        3        2        5     -1    13344    13343    -68   1460  -2533
91        3        2        5      1    13337    13354     28   1459  -2533
92        2        3        5     -1    13340    13345      6   1459  -2533
93        3        2        5      0    13344    13350     23   1459  -2533
94        2        2        4      0    13334    13352     38   1459  -2533
95        3        3        6      0    13340    13345     59   1459  -2533
96        2        2        4     -1    13340    13344     13   1460  -2533
97        2        2        4      0    13336    13339     31   1460  -2533
98        3        2        5      1    13345    13335      8   1460  -2533
99        2        3        5     -1    13337    13345    -61   1460  -2533
 0        3        1        4     -1    13337    13341    -54   1460  -2533
 1        2        2        4      0    13338    13338    -45   1460  -2533
 2        3        2        5     -1    13337    13348    -10   1460  -2533
 3        3        3        6      0    13348    13347     11   1460  -2533
 4        2        2        4     -1    13335    13351     47   1460  -2533
 5        3        2        5     -1    13340    13340     69   1460  -2533
 6        3        2        5      0    13337    13345      1   1461  -2533
 7        2        2        4     -1    13342    13346     19   1461  -2533
 8        3        2        5     -1    13337    13342     38   1461  -2533
 9        2        2        4      1    13346    13333     35   1461  -2533
10        3        2        5     -1    13344    13332    -22   1461  -2533
11        2        3        5      0    13344    13336    -55   1461  -2533
12        3        2        5     -1    13344    13339      5   1460  -2533
13        2        2        4      1    13350    13341      6   1460  -2533
14        3        3        6      0    13338    13345     -7   1460  -2533
15        2        2        4     -1    13346    13337    -38   1460  -2533
16        3        2        5      1    13341    13335      4   1459  -2533
17        2        3        5     -1    13348    13335    -17   1459  -2533
18        3        2        5      0    13348    13337    -64   1459  -2533
19        2        2        4     -1    13347    13347    -47   1458  -2533
20        3        2        5      0    13330    13350     17   1458  -2533
21        2        2        4      0    13344    13343     65   1458  -2533
22        2        3        5      0    13338    13340     19   1459  -2533
23        3        2        5     -1    13356    13321    -48   1459  -2533
24        3        2        5      1    13329    13349     10   1458  -2533
25        2        3        5     -1    13333    13345     15   1458  -2533
26        3        2        5      0    13342    13351     44   1458  -2533
27        2        2        4     -1    13345    13340      5   1459  -2533
28        3        2        5      1    13335    13342      8   1459  -2533
29        2        3        5     -1    13334    13344    -19   1459  -2533
30        2        2        4      0    13338    13340    -15   1459  -2533
31        3        2        5     -1    13340    13345    -20   1459  -2533
32        2        2        4      1    13354    13333    -53   1459  -2533
33        3        3        6     -1    13346    13339     -9   1458  -2533
34        2        2        4      0    13332    13355     47   1458  -2533
35        3        2        5     -1    13340    13337    -11   1459  -2533
36        3        2        5      1    13337    13341    -28   1459  -2533
37        2        3        5     -1    13348    13341    -59   1459  -2533
38        3        2        5     -1    13337    13345      1   1458  -2533
