42      -13       18        5     31    13347    13313    -27   1416  -4095
43      -14       19        5     32    13320    13351     25   1416  -4095
44      -13       18        5     32    13349    13292    -10   1416  -4095
45      -14       20        6     33    13342    13300    -22   1415  -4095
46      -13       18        5     31    13322    13343      4   1416  -4095
47      -13       19        6     33    13353    13320    -27   1415  -4095
48      -14       19        5     32    13356    13288    -79   1414  -4095
49      -14       19        5     33    13313    13349    -18   1412  -4095
50      -14       19        5     33    13315    13355     -4   1413  -4095
51      -14       19        5     34    13320    13357    -29   1413  -4095
52      -13       20        7     33    13320    13355      5   1413  -4095
53      -14       18        4     31    13333    13329     34   1413  -4095
54      -13       19        6     32    13357    13290    -18   1413  -4095
55      -13       19        6     33    13343    13325      2   1413  -4095
56      -14       19        5     32    13336    13329    -22   1413  -4095
57      -13       18        5     31    13328    13340     17   1414  -4095
58      -13       19        6     32    13330    13335    -54   1414  -4095
59      -14       19        5     33    13330    13341    -19   1412  -4095
60      -13       19        6     32    13339    13338     -1   1413  -4095
61      -13       19        6     32    13343    13314    -49   1413  -4095
62      -14       18        4     32    13318    13364     36   1414  -4095
63      -13       19        6     32    13324    13343     60   1414  -4095
64      -14       19        5     34    13346    13310    -51   1415  -4095
65      -13       20        7     32    13338    13321    -39   1414  -4095
66      -13       18        5     33    13326    13335     10   1412  -4095
67      -14       19        5     32    13318    13347     22   1412  -4095
68      -14       20        6     33    13331    13325     34   1413  -4095
69      -13       18        5     32    13336    13337     28   1413  -4095
70      -14       19        5     33    13340    13320     16   1413  -4095
71      -13       19        6     32    13325    13338    -20   1413  -4095
72      -13       20        7     33    13335    13326     31   1412  -4095
73      -14       19        5     32    13338    13312     16   1412  -4095
74      -13       19        6     32    13330    13335     24   1412  -4095
75      -13       18        5     33    13331    13325     18   1412  -4095
76      -14       19        5     32    13354    13298    -30   1413  -4095
77      -13       19        6     32    13338    13328     -9   1414  -4095
78      -13       19        6     32    13337    13315     -6   1413  -4095
79      -14       19        5     32    13333    13330    -29   1413  -4095
80      -13       19        6     32    13316    13335     -1   1414  -4095
81      -14       19        5     33    13324    13340      3   1414  -4095
82      -13       19        6     32    13349    13304    -56   1415  -4095
83      -13       19        6     32    13338    13327    -18   1414  -4095
84      -13       18        5     31    13300    13364     65   1414  -4095
85      -13       19        6     32    13337    13314     -1   1415  -4095
86      -13       19        6     32    13358    13285    -55   1415  -4095
87      -13       19        6     33    13331    13334    -31   1415  -4095
88      -14       18        4     31    13320    13369     12   1415  -4095
89      -13       18        5     32    13332    13347     63   1415  -4095
90      -13       19        6     31    13351    13309    -34   1416  -4095
91      -13       19        6     32    13347    13308    -26   1415  -4095
92      -13       18        5     31    13345    13311    -22   1414  -4095
93      -14       19        5     33    13312    13359      6   1415  -4095
94      -13       19        6     32    13339    13321    -34   1415  -4095
95      -12       18        6     31    13339    13329      4   1414  -4095
96      -13       19        6     31    13334    13309    -25   1415  -4095
97      -13       18        5     31    13353    13307    -40   1413  -4095
98      -13       19        6     32    13351    13307    -48   1413  -4095
99      -13       18        5     31    13337    13321    -18   1411  -4095
 0      -13       19        6     32    13318    13344    -29   1411  -4095
 1      -13       18        5     31    13343    13317     17   1411  -4095
 2      -13       18        5     32    13343    13311    -37   1411  -4095
 3      -12       19        7     31    13339    13315      5   1410  -4095
 4      -13       18        5     30    13292    13392     11   1412  -4095
 5      -13       18        5     32    13347    13319     -2   1413  -4095
 6      -13       18        5     31    13322    13354      5   1414  -4095
 7      -12       19        7     30    13354    13295    -40   1414  -4095
 8      -13       18        5     31    13337    13311    -24   1412  -4095
 9      -13       19        6     32    13313    13352      3   1410  -4095
10      -13       18        5     31    13292    13380     13   1411  -4095
11      -13       18        5     31    13319    13345     16   1411  -4095
12      -13       18        5     31    13349    13308     -4   1412  -4095
13      -12       19        7     32    13352    13305    -51   1412  -4095
14      -13       18        5     31    13312    13350     27   1411  -4095
15      -13       18        5     31    13323    13337     59   1411  -4095
16      -13       19        6     31    13335    13309    -36   1411  -4095
17      -12       18        6     31    13329    13321     -2   1411  -4095
18      -13       18        5     30    13351    13303    -56   1411  -4095
19      -13       18        5     31    13319    13336     -4   1410  -4095
20      -12       19        7     32    13333    13321     37   1410  -4095
21      -13       18        5     30    13344    13309    -69   1410  -4095
22      -12       18        6     31    13353    13314    -74   1409  -4095
23      -13       19        6     31    13311    13349     -7   1408  -4095
24      -13       18        5     31    13332    13333     37   1409  -4095
25      -13       18        5     31    13325    13342     -7   1410  -4095
26      -12       18        6     31    13331    13327     -1   1411  -4095
27      -13       19        6     31    13333    13337    -22   1411  -4095
28      -12       18        6     31    13358    13306    -72   1412  -4095
29      -13       18        5     32    13324    13337     22   1411  -4095
30      -13       19        6     30    13328    13333     51   1411  -4095
31      -13       19        6     32    13353    13296    -24   1411  -4095
32      -13       18        5     32    13325    13331     60   1411  -4095
33      -13       19        6     31    13340    13308    -44   1413  -4095
34      -13       19        6     32    13341    13326      5   1411  -4095
35      -13       19        6     32    13357    13304     -8   1410  -4095
36      -13       18        5     32    13339    13317    -50   1410  -4095
37      -13       19        6     32    13342    13318    -37   1408  -4095
38      -13       19        6     31    13326    13340     30   1408  -4095
39      -12       19        7     32    13335    13315      9   1408  -4095
40      -13       18        5     30    13321    13347     -7   1409  -4095
41      -13       18        5     32    13345    13309    -42   1409  -4095
42      -13       19        6     31    13319    13350     -8   1409  -4095
43      -12       18        6     31    13335    13340     20   1409  -4095
44      -13       18        5     30    13337    13324    -27   1410  -4095
45      -13       18        5     31    13341    13307    -46   1410  -4095
46      -12       19        7     32    13311    13347      1   1409  -4095
47      -13       18        5     30    13298    13385     28   1410  -4095
48      -13       18        5     31    13320    13341     64   1410  -4095
49      -13       18        5     31    13333    13325    -27   1410  -4095
50      -12       18        6     31    13343    13314     38   1409  -4095
51      -13       18        5     30    13321    13346     24   1409  -4095
52      -12       18        6     30    13344    13307      7   1409  -4095
53      -12       18        6     30    13310    13358     15   1409  -4095
54      -13       18        5     31    13327    13342     23   1408  -4095
55      -12       18        6     31    13319    13358     26   1410  -4095
56      -13       19        6     31    13316    13354     59   1410  -4095
57      -12       18        6     31    13347    13315    -57   1411  -4095
58      -13       18        5     30    13352    13305    -15   1410  -4095
59      -13       18        5     31    13342    13308    -67   1409  -4095
60      -12       19        7     31    13326    13346     43   1408  -4095
61      -13       18        5     31    13330    13328    -38   1409  -4095
62      -13       18        5     31    13317    13340    -46   1409  -4095
63      -12       18        6     31    13327    13331      8   1408  -4095
64      -13       18        5     30    13325    13328     -6   1408  -4095
65      -13       19        6     32    13327    13325      8   1408  -4095
66      -13       18        5     32    13332    13319    -10   1408  -4095
67      -13       19        6     32    13335    13328     27   1407  -4095
68      -13       19        6     32    13355    13294    -48   1407  -4095
69      -14       19        5     32    13331    13317     -7   1406  -4095
70      -13       18        5     31    13335    13305    -56   1406  -4095
71      -13       19        6     32    13329    13333     13   1406  -4095
72      -13       18        5     32    13355    13290    -37   1407  -4095
73      -12       19        7     31    13349    13297    -46   1407  -4095
