38        2        2        4      1    13355    13406     48   2888  -1577
39        1        2        3      0    13380    13348    -14   2888  -1577
40        1        3        4      2    13378    13345     -1   2887  -1578
41        2        2        4      1    13371    13333    -67   2887  -1578
42        1        2        3      1    13383    13356     -3   2886  -1578
43        1        2        3      2    13329    13389     34   2886  -1579
44        1        2        3      1    13331    13397     26   2888  -1579
45        1        2        3      0    13368    13360    -14   2888  -1579
46        1        3        4      2    13363    13377    -17   2887  -1580
47        0        2        2      1    13348    13378    -28   2887  -1580
48        1        2        3      1    13378    13332    -77   2887  -1580
49        1        3        4      2    13359    13358     25   2887  -1581
50        1        2        3      1    13386    13332     -9   2888  -1581
51        1        3        4      2    13394    13346     -7   2886  -1582
52        1        2        3      1    13345    13400     51   2886  -1582
53        1        2        3      1    13362    13372     24   2887  -1582
54        1        2        3      1    13377    13349    -78   2887  -1582
55        2        2        4      1    13382    13354     12   2886  -1582
56        1        2        3      1    13373    13340     19   2886  -1582
57        1        2        3      1    13386    13341    -43   2885  -1582
58        1        2        3      1    13357    13381     35   2884  -1582
59        1        2        3      1    13349    13376     35   2884  -1582
60        1        3        4      1    13359    13386     11   2886  -1582
61        1        2        3      1    13341    13385     45   2886  -1582
62        1        3        4      2    13348    13367     45   2888  -1583
63        1        2        3      1    13353    13398    -29   2888  -1583
64        1        2        3      2    13352    13381     28   2887  -1584
65        0        2        2      2    13344    13367     10   2887  -1585
66        1        3        4      1    13355    13361      3   2887  -1585
67        1        3        4      3    13347    13386     24   2888  -1586
68        0        2        2      1    13333    13404     54   2888  -1586
69        1        3        4      2    13349    13387     47   2887  -1587
70        1        2        3      1    13377    13335    -65   2888  -1587
71        1        3        4      2    13347    13389    -14   2888  -1588
72        1        2        3      1    13327    13402     31   2888  -1588
73        1        2        3      1    13379    13349    -41   2888  -1588
74        1        2        3      1    13343    13364     -5   2887  -1588
75        2        2        4      1    13359    13358      1   2889  -1588
76        1        2        3      0    13347    13380     39   2889  -1588
77        1        1        2      1    13389    13322    -53   2888  -1588
78        2        2        4     -1    13370    13356     -4   2886  -1588
79        2        2        4      2    13373    13353    -18   2887  -1589
80        1        2        3     -1    13350    13405     29   2888  -1589
81        2        2        4      0    13375    13366    -29   2888  -1589
82        2        1        3      1    13341    13404     54   2888  -1589
83        1        3        4      0    13373    13369     27   2889  -1589
84        2        1        3      0    13385    13348     -1   2888  -1589
85        1        2        3      0    13362    13362    -49   2888  -1589
86        1        2        3      1    13347    13390     61   2887  -1589
87        2        2        4      0    13345    13386      0   2888  -1589
88        1        2        3      1    13363    13356     16   2888  -1589
89        2        2        4      0    13381    13327     -9   2887  -1589
90        2        1        3      1    13353    13368     54   2887  -1589
91        1        2        3      0    13336    13408     -5   2889  -1589
92        2        2        4     -1    13362    13368    -20   2889  -1589
93        1        2        3      1    13355    13382     30   2888  -1589
94        1        2        3      1    13371    13354    -25   2889  -1589
95        2        2        4      0    13373    13357    -35   2889  -1589
96        1        1        2      1    13353    13394     41   2887  -1589
97        2        2        4     -1    13345    13388     30   2887  -1589
98        1        2        3      1    13356    13386     47   2887  -1589
99        2        2        4      0    13377    13338    -31   2888  -1589
 0        1        1        2      0    13367    13344    -77   2887  -1589
 1        2        2        4      0    13367    13364     -3   2887  -1589
 2        2        2        4      0    13336    13390      5   2888  -1589
 3        1        2        3      1    13331    13418     46   2890  -1589
 4        2        2        4      0    13381    13351    -34   2890  -1589
 5        1        2        3      1    13369    13351    -26   2889  -1589
 6        2        2        4      0    13357    13378      8   2888  -1589
 7        1        2        3      1    13380    13363    -44   2888  -1589
 8        2        2        4      0    13373    13357      5   2888  -1589
 9        1        2        3      1    13367    13364    -46   2889  -1589
10        2        2        4      0    13373    13349     34   2890  -1589
11        1        2        3      1    13353    13382    -34   2890  -1589
12        2        2        4      1    13317    13428     33   2890  -1589
13        1        2        3      1    13365    13373     -8   2890  -1589
14        1        2        3      1    13369    13360    -50   2891  -1589
15        2        2        4      1    13351    13380     68   2889  -1589
16        1        3        4      1    13365    13368    -45   2890  -1589
17        1        2        3      0    13339    13386     58   2890  -1589
18        1        2        3      1    13369    13360    -48   2890  -1589
19        1        2        3      1    13362    13357    -49   2890  -1589
20        2        2        4      1    13373    13350      2   2889  -1589
21        2        2        4      0    13367    13348     34   2890  -1589
22        1        1        2      0    13358    13354    -43   2891  -1589
23        2        2        4     -1    13364    13377     37   2890  -1589
24        3        1        4     -1    13374    13343    -25   2891  -1589
25        2        1        3     -1    13382    13335    -51   2889  -1589
26        2        2        4     -1    13394    13327    -49   2887  -1589
27        2        1        3     -1    13365    13351    -12   2887  -1589
28        2        1        3      0    13369    13364     -2   2888  -1589
29        2        2        4     -1    13370    13345    -34   2889  -1589
30        2        1        3     -1    13386    13351    -32   2887  -1589
31        2        1        3     -1    13380    13354      8   2886  -1589
32        2        2        4      0    13375    13355    -34   2888  -1589
33        2        1        3      0    13355    13382     65   2888  -1589
34        1        2        3      0    13361    13340    -25   2889  -1589
35        2        1        3     -1    13367    13350    -30   2888  -1589
36        2        2        4      0    13372    13346      6   2888  -1589
37        1        2        3      1    13378    13328    -38   2889  -1589
38        2        1        3      0    13354    13358     50   2889  -1589
39        1        2        3      1    13365    13370     -3   2890  -1589
40        2        2        4      0    13387    13327    -73   2891  -1589
41        2        2        4      0    13378    13336    -51   2890  -1589
42        1        2        3      0    13362    13364     -5   2889  -1589
43        2        1        3      0    13337    13394     67   2889  -1589
44        2        2        4      0    13368    13362    -39   2890  -1589
45        1        2        3      0    13367    13357    -43   2890  -1589
46        2        2        4      1    13381    13337    -37   2890  -1589
47        1        2        3      0    13341    13386     39   2890  -1589
48        1        2        3      1    13394    13308    -36   2890  -1589
49        1        2        3      1    13369    13358    -19   2889  -1589
50        2        2        4      2    13363    13378    -26   2891  -1590
51        1        3        4      0    13378    13357     20   2889  -1590
52        2        2        4      1    13365    13361    -24   2890  -1590
53        1        2        3      0    13367    13343     11   2889  -1590
54        1        2        3      1    13382    13342    -28   2889  -1590
55        2        2        4      1    13337    13401     59   2889  -1590
56        1        2        3      0    13365    13352    -71   2890  -1590
57        2        2        4      0    13388    13326     -4   2889  -1590
58        1        2        3      2    13376    13339     -3   2888  -1591
59        2        2        4      0    13391    13332    -38   2889  -1591
60        1        2        3      0    13341    13413     39   2889  -1591
61        1        2        3      2    13363    13358      0   2891  -1592
62        2        3        5      1    13367    13361     -5   2891  -1592
63        1        2        3      0    13367    13342     -7   2891  -1592
64        1        1        2      1    13387    13338    -37   2891  -1592
65        2        2        4      1    13363    13371    -37   2891  -1592
66        1        2        3     -1    13367    13352      2   2891  -1592
67        2        2        4      0    13351    13392     11   2892  -1592
68        2        2        4      1    13355    13364    -13   2891  -1592
69        1        1        2     -1    13357    13363      1   2892  -1592
70        2        2        4      0    13393    13315    -71   2891  -1592
71        1        2        3      1    13376    13338    -31   2890  -1592
72        2        2        4      0    13395    13344    -18   2889  -1592
73        2        2        4      1    13375    13355      1   2888  -1592
74        1        2        3      0    13377    13345     39   2888  -1592
75        2        1        3      0    13374    13344      5   2887  -1592
76        1        2        3      0    13361    13368     -9   2887  -1592
77        2        2        4      0    13343    13384     -1   2888  -1592
78        2        2        4      1    13365    13346    -32   2890  -1592
79        1        2        3      0    13317    13414     26   2892  -1592
80        2        2        4      0    13408    13306    -72   2892  -1592
81        2        2        4      1    13360    13372    -37   2891  -1592
82        2        1        3     -1    13379    13330    -39   2891  -1592
83        2        2        4      0    13356    13370     18   2891  -1592
84        1        2        3      0    13354    13368     16   2892  -1592
85        2        1        3      0    13365    13352    -38   2891  -1592
86        2        1        3      0    13339    13382    -28   2891  -1592
87        1        2        3     -1    13357    13352    -44   2891  -1592
88        2        1        3      0    13342    13378     19   2890  -1592
89        1        2        3      0    13365    13352      6   2891  -1592
90        2        1        3     -1    13376    13358    -63   2890  -1592
91        2        2        4      1    13375    13346    -47   2889  -1592
92        1        1        2      0    13354    13378     62   2888  -1592
93        2        2        4     -1    13358    13366    -36   2889  -1592
94        2        1        3     -1    13348    13378     43   2888  -1592
95        2        1        3     -1    13368    13360    -12   2888  -1592
96        2        1        3      0    13354    13376     39   2888  -1592
97        2        2        4      0    13343    13394      2   2890  -1592
98        1        1        2      0    13358    13366    -14   2889  -1592
99        2        2        4      0    13379    13327    -74   2890  -1592
 0        1        1        2      0    13387    13328    -45   2889  -1592
 1        2        2        4     -1    13381    13359    -58   2888  -1592
 2        2        1        3      0    13353    13384     59   2888  -1592
 3        1        2        3      0    13345    13370     19   2890  -1592
 4        2        1        3      1    13363    13345    -56   2891  -1592
 5        1        2        3     -1    13370    13339    -51   2890  -1592
 6        2        2        4      0    13382    13319    -62   2890  -1592
 7        1        1        2      1    13372    13352     -9   2889  -1592
 8        2        2        4      0    13379    13353    -24   2888  -1592
 9        2        1        3      0    13345    13399    -10   2889  -1592
10        1        2        3     -1    13359    13363     -9   2888  -1592
11        2        2        4      2    13353    13370     -4   2887  -1593
12        1        2        3      0    13374    13358     35   2888  -1593
13        2        3        5      0    13343    13407     54   2889  -1593
14        1        1        2      0    13352    13366    -30   2890  -1593
15        2        2        4      0    13385    13318    -14   2889  -1593
16        1        2        3      1    13367    13378    -16   2888  -1593
17        2        2        4      0    13361    13390     -8   2888  -1593
18        2        2        4      1    13355    13360     -9   2889  -1593
19        1        2        3      0    13356    13372    -29   2890  -1593
20        1        1        2      1    13383    13354     18   2888  -1593
21        1        3        4      1    13349    13394     57   2887  -1593
22        1        1        2      1    13357    13360    -44   2887  -1593
23        1        3        4      1    13365    13374      8   2888  -1593
24        2        1        3      0    13380    13338    -52   2888  -1593
25        2        2        4      0    13372    13351     -8   2887  -1593
26        1        1        2     -1    13338    13410     18   2888  -1593
27        2        2        4      0    13387    13340    -53   2888  -1593
28        2        1        3     -1    13372    13372    -32   2887  -1593
29        2        2        4      0    13372    13366     15   2887  -1593
30        2        1        3      1    13378    13338    -10   2887  -1593
31        1        2        3     -1    13351    13377     19   2888  -1593
32        2        1        3     -1    13376    13374     48   2888  -1593
33        2        2        4      0    13365    13342    -20   2888  -1593
34        2        2        4      0    13375    13366     -8   2889  -1593
35        2        2        4      0    13351    13373     43   2890  -1593
36        2        1        3     -1    13382    13342    -52   2889  -1593
37        2        1        3      0    13356    13374    -18   2887  -1593
38        2        2        4      0    13357    13366    -57   2887  -1593
39        1        1        2     -1    13354    13384    -28   2887  -1593
40        2        2        4      0    13371    13360    -63   2888  -1593
41        2        1        3     -1    13344    13388    -14   2887  -1593
42        2        1        3     -1    13370    13360     -3   2888  -1593
43        2        2        4      0    13354    13378    -36   2888  -1593
44        2        1        3     -1    13360    13365    -25   2888  -1593
45        2        1        3      0    13348    13369     22   2889  -1593
46        1        2        3      0    13385    13332    -24   2888  -1593
47        2        2        4      0    13372    13341    -36   2888  -1593
48        2        1        3      1    13369    13351    -12   2887  -1593
49        1        2        3     -1    13333    13412      8   2888  -1593
50        2        2        4      1    13367    13338     -9   2888  -1593
51        1        2        3      0    13365    13351    -24   2887  -1593
52        2        1        3     -1    13350    13362    -43   2887  -1593
53        2        1        3      0    13364    13377     -7   2888  -1593
54        2        2        4      0    13350    13386     17   2890  -1593
55        1        2        3      0    13370    13342    -64   2890  -1593
56        2        1        3     -1    13344    13390     60   2889  -1593
57        2        1        3      0    13380    13343    -77   2890  -1593
58        2        2        4     -1    13380    13342      3   2889  -1593
59        2        1        3      0    13374    13352      3   2889  -1593
60        2        1        3     -1    13344    13381      9   2888  -1593
61        3        2        5     -2    13376    13343    -59   2890  -1592
62        2        1        3      0    13358    13370     47   2889  -1592
63        2        2        4     -1    13383    13350    -24   2890  -1592
64        2        1        3     -1    13382    13349    -30   2889  -1592
65        2        1        3     -1    13359    13355      3   2889  -1592
66        2        2        4      0    13360    13356     -5   2889  -1592
67        2        1        3      0    13371    13360     32   2888  -1592
68        2        1        3      0    13380    13340    -22   2888  -1592
69        1        2        3     -1    13359    13358    -31   2888  -1592
70        2        2        4      0    13362    13378     45   2888  -1592
71        2        2        4      1    13379    13342    -35   2889  -1592
72        1        2        3      0    13346    13394     -7   2889  -1592
73        2        1        3     -1    13366    13380     16   2888  -1592
74        2        2        4      1    13341    13387     54   2887  -1592
75        1        1        2      0    13337    13404     74   2889  -1592
76        2        2        4     -1    13368    13354    -27   2890  -1592
77        1        1        2      1    13390    13348    -42   2890  -1592
78        2        2        4     -1    13330    13408     12   2890  -1592
79        2        2        4      0    13374    13368    -26   2891  -1592
80        2        2        4      0    13388    13328     19   2889  -1592
81        1        2        3      1    13392    13326    -12   2889  -1592
82        2        1        3     -1    13347    13369     15   2888  -1592
83        1        2        3      1    13379    13334      4   2889  -1592
84        2        2        4      0    13383    13332    -28   2889  -1592
85        2        2        4      1    13388    13326     15   2888  -1592
86        1        2        3      0    13365    13359    -13   2889  -1592
87        1        2        3      1    13357    13368    -10   2889  -1592
88        2        2        4      1    13381    13336    -49   2890  -1592
89        1        1        2     -1    13379    13339    -72   2889  -1592
90        1        2        3      2    13357    13374    -22   2890  -1593
91        2        3        5      0    13390    13351    -20   2889  -1593
92        1        1        2      1    13380    13354    -41   2889  -1593
93        2        2        4     -1    13356    13372     19   2889  -1593
94        2        2        4      1    13369    13358    -47   2889  -1593
95        2        1        3      0    13377    13338    -42   2890  -1593
96        1        2        3      0    13376    13325     -3   2890  -1593
97        2        2        4     -1    13380    13316    -43   2891  -1593
98        2        2        4      0    13390    13338    -18   2889  -1593
99        2        1        3     -1    13378    13355    -35   2890  -1593
 0        2        2        4      0    13382    13328    -61   2892  -1593
 1        2        1        3      0    13382    13340    -41   2890  -1593
 2        2        2        4     -1    13372    13351    -33   2889  -1593
 3        2        1        3     -1    13356    13367    -40   2889  -1593
 4        2        2        4      0    13374    13380     26   2889  -1593
 5        2        1        3     -1    13369    13349    -22   2890  -1593
 6        2        1        3     -1    13375    13331    -67   2890  -1593
 7        2        1        3      1    13357    13362    -64   2889  -1593
 8        1        2        3     -1    13392    13330      1   2887  -1593
 9        2        1        3     -1    13394    13321    -75   2889  -1593
10        2        2        4      0    13360    13381      4   2889  -1593
11        2        1        3     -1    13354    13383     -7   2890  -1593
12        2        1        3     -1    13353    13371      5   2890  -1593
13        3        1        4     -1    13364    13363    -22   2890  -1593
14        2        2        4     -1    13392    13316    -67   2890  -1593
15        2        1        3     -1    13347    13401     52   2890  -1593
16        2        1        3     -1    13398    13325    -23   2891  -1593
17        3        1        4      0    13346    13395     54   2890  -1593
18        1        2        3     -1    13372    13350    -34   2890  -1593
19        2        1        3     -1    13368    13387     41   2889  -1593
20        2        1        3      0    13376    13350     -1   2889  -1593
21        3        2        5     -1    13377    13347    -45   2889  -1593
22        2        1        3     -1    13340    13402     31   2890  -1593
23        1        1        2      0    13360    13371      7   2890  -1593
24        3        2        5     -1    13370    13348    -56   2891  -1593
25        2        1        3     -1    13344    13413     35   2890  -1593
26        1        2        3      0    13372    13380    -23   2890  -1593
27        2        2        4      0    13379    13335    -52   2890  -1593
28        2        2        4      0    13386    13341    -54   2889  -1593
29        1        1        2      1    13378    13328    -35   2888  -1593
30        2        2        4      0    13373    13336     16   2887  -1593
31        1        2        3      0    13361    13344     -9   2887  -1593
32        2        1        3      1    13355    13373    -26   2888  -1593
33        1        3        4      0    13371    13364     27   2889  -1593
34        2        2        4      1    13369    13362     43   2889  -1593
35        1        2        3      0    13375    13347    -21   2890  -1593
36        2        1        3      1    13387    13347    -42   2891  -1593
37        1        2        3     -1    13366    13361     12   2890  -1593
38        2        2        4      1    13370    13346    -56   2890  -1593
39        1        2        3      0    13355    13389     19   2890  -1593
40        2        2        4      1    13353    13388     14   2890  -1593
41        1        2        3      0    13395    13311    -49   2891  -1593
42        1        2        3      1    13355    13374     24   2889  -1593
