88     -179      174       -5    353    12549    12548     -7    654
89     -179      174       -5    353    12560    12551    -46    654
90     -179      175       -4    354    12550    12564    -23    654
91     -179      174       -5    353    12541    12559     16    654
92     -179      175       -4    354    12547    12564     18    655
93     -179      175       -4    354    12550    12554     51    655
94     -179      174       -5    353    12551    12546     69    655
95     -179      175       -4    354    12551    12558     64    655
96     -180      175       -5    355    12556    12543     45    655
97     -179      175       -4    354    12559    12549      0    655
98     -180      175       -5    355    12559    12543    -59    655
99     -179      174       -5    353    12557    12542    -31    654
 0     -180      175       -5    355    12563    12541    -26    653
 1     -179      175       -4    354    12553    12551     -1    652
 2     -180      174       -6    354    12553    12560     -8    652
 3     -179      175       -4    354    12551    12558     14    652
 4     -179      175       -4    354    12558    12543     -6    652
 5     -179      174       -5    353    12560    12545    -50    652
 6     -179      174       -5    353    12547    12554      7    651
 7     -179      175       -4    354    12551    12556     25    651
 8     -178      174       -4    352    12549    12552     56    651
 9     -179      175       -4    354    12549    12552     24    651
10     -179      174       -5    353    12559    12543    -44    651
11     -179      174       -5    353    12557    12546    -15    650
12     -179      175       -4    354    12547    12556    -18    650
13     -179      174       -5    353    12545    12552      5    650
14     -179      175       -4    354    12545    12564     52    650
15     -179      174       -5    353    12545    12561     55    651
16     -179      175       -4    354    12549    12552     34    652
17     -179      175       -4    354    12549    12552     73    652
18     -179      175       -4    354    12557    12542     17    652
19     -179      174       -5    353    12551    12545    -32    652
20     -179      175       -4    354    12552    12552    -10    652
21     -180      174       -6    354    12545    12559     34    652
22     -178      175       -3    353    12547    12553     73    652
23     -179      174       -5    353    12548    12552     13    653
24     -179      175       -4    354    12550    12552     29    653
25     -178      174       -4    352    12550    12552     47    653
26     -179      174       -5    353    12554    12550     -7    654
27     -178      174       -4    352    12557    12550    -46    654
28     -179      174       -5    353    12552    12552    -41    654
29     -178      175       -3    353    12554    12556    -34    654
30     -179      174       -5    353    12560    12542     -3    653
31     -179      174       -5    353    12547    12546    -17    653
32     -179      174       -5    353    12549    12550    -34    653
33     -179      174       -5    353    12547    12550    -26    653
34     -178      174       -4    352    12552    12554    -16    653
35     -178      174       -4    352    12554    12560    -29    653
36     -179      174       -5    353    12550    12550    -25    653
37     -178      175       -3    353    12558    12548    -64    653
38     -179      174       -5    353    12549    12548    -53    653
39     -179      174       -5    353    12553    12552     -4    652
40     -178      174       -4    352    12550    12558     -7    652
41     -179      174       -5    353    12552    12546    -23    652
42     -178      174       -4    352    12558    12548    -45    652
43     -179      174       -5    353    12552    12544     -4    651
44     -179      175       -4    354    12552    12550     -6    651
45     -179      174       -5    353    12550    12546    -13    651
46     -179      174       -5    353    12550    12558    -10    651
47     -178      174       -4    352    12542    12566     70    651
48     -178      174       -4    352    12552    12552      7    652
49     -179      174       -5    353    12552    12549    -19    652
50     -179      174       -5    353    12550    12546    -49    652
51     -179      175       -4    354    12554    12548    -57    652
52     -178      174       -4    352    12552    12550    -43    652
53     -179      174       -5    353    12552    12564     -6    652
54     -179      175       -4    354    12546    12554     23    652
55     -178      174       -4    352    12552    12556     75    652
56     -179      174       -5    353    12558    12542    -19    653
57     -178      173       -5    351    12558    12552    -58    653
58     -179      174       -5    353    12554    12550    -71    653
59     -178      174       -4    352    12550    12550    -58    653
60     -178      174       -4    352    12546    12554    -68    653
61     -179      174       -5    353    12553    12550    -31    653
62     -178      174       -4    352    12550    12555     13    653
63     -179      175       -4    354    12541    12550     42    653
64     -179      174       -5    353    12539    12558     76    653
65     -178      174       -4    352    12546    12546    -21    654
66     -180      175       -5    355    12557    12544    -57    654
67     -179      174       -5    353    12560    12550    -49    653
68     -179      174       -5    353    12547    12548    -50    653
69     -179      175       -4    354    12551    12544    -48    653
70     -179      174       -5    353    12551    12550     -2    652
71     -179      175       -4    354    12551    12548    -41    652
72     -179      174       -5    353    12550    12552    -28    652
73     -179      175       -4    354    12548    12549     12    652
74     -179      175       -4    354    12551    12547     26    652
75     -179      174       -5    353    12555    12548     19    652
76     -179      174       -5    353    12550    12554      5    652
77     -178      174       -4    352    12544    12559     65    652
78     -178      174       -4    352    12544    12558     29    653
79     -179      174       -5    353    12555    12547     57    653
80     -178      174       -4    352    12556    12547     29    653
81     -179      174       -5    353    12558    12542     -6    653
82     -178      174       -4    352    12556    12553    -29    653
83     -179      174       -5    353    12558    12547    -52    653
84     -178      174       -4    352    12546    12552     16    652
85     -179      173       -6    352    12550    12557     36    652
86     -178      174       -4    352    12551    12556     76    652
87     -178      174       -4    352    12550    12559      1    653
88     -179      174       -5    353    12548    12559      8    653
89     -178      174       -4    352    12550    12561     18    653
90     -178      174       -4    352    12542    12556     62    653
91     -179      174       -5    353    12552    12550    -18    654
92     -178      174       -4    352    12552    12552      0    654
93     -179      174       -5    353    12554    12548    -34    654
94     -179      174       -5    353    12552    12545    -74    654
95     -178      174       -4    352    12550    12557     -2    653
96     -179      174       -5    353    12548    12560      3    653
97     -178      174       -4    352    12552    12546     37    653
98     -179      175       -4    354    12549    12554     27    653
99     -179      174       -5    353    12549    12541      9    653
 0     -179      175       -4    354    12554    12548     -8    653
 1     -180      174       -6    354    12551    12546    -17    653
 2     -179      174       -5    353    12553    12550    -27    653
 3     -179      175       -4    354    12559    12547     -2    652
 4     -179      174       -5    353    12553    12550     -2    652
 5     -179      175       -4    354    12555    12545    -40    652
 6     -180      175       -5    355    12549    12552    -27    652
 7     -179      175       -4    354    12550    12555     -8    652
 8     -179      174       -5    353    12541    12558     50    652
 9     -179      175       -4    354    12549    12554     19    653
10     -179      174       -5    353    12545    12560     23    653
11     -178      175       -3    353    12550    12545     43    653
12     -179      174       -5    353    12556    12548     36    653
13     -180      175       -5    355    12559    12548     15    653
14     -179      174       -5    353    12554    12557    -13    653
15     -178      175       -3    353    12548    12553     12    653
16     -179      174       -5    353    12556    12548     26    653
17     -179      174       -5    353    12551    12548     40    653
18     -179      174       -5    353    12554    12550     42    653
19     -179      175       -4    354    12551    12550     32    653
20     -178      174       -4    352    12558    12550     -9    653
21     -179      175       -4    354    12554    12544    -34    653
22     -179      174       -5    353    12543    12557    -18    653
23     -179      174       -5    353    12549    12550     -4    653
24     -179      175       -4    354    12558    12544    -17    653
25     -179      174       -5    353    12552    12546    -37    653
26     -179      175       -4    354    12546    12564     -3    653
27     -179      174       -5    353    12545    12558     40    653
28     -179      175       -4    354    12550    12550     -2    654
29     -179      174       -5    353    12552    12546    -12    654
30     -179      175       -4    354    12555    12546     -9    654
31     -179      174       -5    353    12549    12545    -36    654
32     -179      175       -4    354    12553    12545    -38    654
33     -179      174       -5    353    12552    12562    -26    654
34     -179      175       -4    354    12552    12554    -17    654
35     -179      175       -4    354    12554    12552    -21    654
36     -179      174       -5    353    12552    12560     20    654
37     -179      175       -4    354    12548    12558     31    654
38     -179      175       -4    354    12547    12552     22    654
39     -180      174       -6    354    12553    12550     15    654
40     -178      175       -3    353    12547    12554      0    654
41     -179      174       -5    353    12549    12560     29    654
42     -179      175       -4    354    12552    12553     52    654
43     -179      174       -5    353    12552    12550     69    654
44     -178      175       -3    353    12548    12548      0    655
45     -179      174       -5    353    12552    12552     11    655
46     -179      175       -4    354    12545    12554     21    655
47     -179      174       -5    353    12549    12552     11    655
48     -179      174       -5    353    12554    12550      7    655
49     -179      175       -4    354    12553    12544    -29    655
50     -179      174       -5    353    12556    12546    -50    655
51     -179      175       -4    354    12550    12553      7    654
52     -179      174       -5    353    12552    12552     15    654
53     -179      175       -4    354    12548    12560     66    654
54     -180      175       -5    355    12549    12556      2    655
55     -179      175       -4    354    12556    12549    -13    655
56     -179      174       -5    353    12559    12542    -53    655
57     -179      175       -4    354    12553    12546     -8    654
58     -180      174       -6    354    12556    12548    -23    654
59     -179      175       -4    354    12551    12553    -25    654
60     -179      175       -4    354    12545    12561     17    654
61     -179      175       -4    354    12541    12553     37    654
62     -179      174       -5    353    12543    12560      3    655
63     -180      175       -5    355    12557    12543    -13    655
64     -179      175       -4    354    12556    12551    -48    655
65     -180      175       -5    355    12561    12554      2    654
66     -180      175       -5    355    12550    12554      1    654
67     -179      175       -4    354    12548    12559     22    654
68     -179      175       -4    354    12545    12559     57    654
69     -180      175       -5    355    12547    12555     12    655
70     -179      175       -4    354    12549    12549     44    655
71     -180      176       -4    356    12551    12551     51    655
72     -179      175       -4    354    12553    12557     48    655
73     -180      175       -5    355    12549    12551     48    655
74     -179      175       -4    354    12552    12555      6    656
75     -180      175       -5    355    12549    12539     19    656
76     -179      175       -4    354    12553    12551     -7    656
77     -180      175       -5    355    12557    12553    -50    656
78     -179      175       -4    354    12558    12556     -5    655
79     -179      175       -4    354    12547    12554     16    655
80     -179      174       -5    353    12550    12558     11    655
81     -180      175       -5    355    12549    12564     43    655
82     -179      175       -4    354    12545    12554     50    655
83     -179      175       -4    354    12553    12552     -5    656
84     -179      174       -5    353    12554    12548    -19    656
85     -179      175       -4    354    12559    12541    -73    656
86     -179      174       -5    353    12560    12546    -29    655
87     -179      175       -4    354    12560    12546    -68    655
88     -179      174       -5    353    12551    12546    -11    654
89     -179      174       -5    353    12547    12546    -12    654
90     -179      174       -5    353    12558    12550    -16    654
91     -179      175       -4    354    12554    12542    -65    654
92     -180      174       -6    354    12551    12547     -3    653
93     -179      174       -5    353    12553    12548      4    653
94     -179      175       -4    354    12551    12549     14    653
95     -179      175       -4    354    12551    12554      5    653
96     -179      174       -5    353    12552    12556     12    653
97     -179      175       -4    354    12545    12555     59    653
98     -179      175       -4    354    12556    12551     66    653
99     -180      175       -5    355    12549    12560      3    654
 0     -179      174       -5    353    12554    12551     14    654
 1     -179      175       -4    354    12556    12552     35    654
 2     -179      175       -4    354    12554    12555     72    654
 3     -179      174       -5    353    12554    12546     59    654
 4     -179      175       -4    354    12559    12546    -28    655
 5     -179      174       -5    353    12551    12556    -34    655
 6     -179      175       -4    354    12551    12554    -54    655
 7     -179      174       -5    353    12553    12554    -74    655
 8     -179      174       -5    353    12551    12554     -2    654
 9     -179      175       -4    354    12562    12546    -55    654
10     -179      174       -5    353    12554    12550    -74    654
11     -178      174       -4    352    12550    12556     11    653
12     -179      175       -4    354    12541    12561     60    653
13     -179      175       -4    354    12546    12556     23    654
14     -179      174       -5    353    12551    12555     68    654
15     -179      175       -4    354    12549    12556     22    655
16     -179      174       -5    353    12560    12546     11    655
17     -179      175       -4    354    12551    12550    -15    655
18     -179      174       -5    353    12549    12544    -48    655
19     -179      174       -5    353    12548    12548    -65    655
20     -178      174       -4    352    12551    12556    -36    655
21     -178      174       -4    352    12556    12554    -24    655
22     -179      174       -5    353    12550    12551    -23    655
23     -178      174       -4    352    12548    12552    -12    655
24     -178      174       -4    352    12549    12554      1    655
25     -179      174       -5    353    12544    12560     29    655
26     -178      174       -4    352    12544    12560     -2    656
27     -179      174       -5    353    12546    12556     37    656
28     -178      174       -4    352    12554    12552     55    656
29     -179      174       -5    353    12558    12544     35    656
30     -178      174       -4    352    12552    12550    -14    656
31     -178      174       -4    352    12549    12563     10    656
32     -179      173       -6    352    12548    12561     36    656
33     -178      174       -4    352    12562    12546     12    656
34     -178      174       -4    352    12550    12552     10    656
35     -179      174       -5    353    12551    12553      1    656
36     -178      174       -4    352    12554    12549    -54    656
37     -179      173       -6    352    12552    12555      3    655
38     -178      174       -4    352    12552    12544    -33    655
39     -178      174       -4    352    12548    12554    -37    655
40     -178      174       -4    352    12553    12555    -36    655
41     -179      173       -6    352    12555    12547    -69    655
42     -178      174       -4    352    12549    12547    -11    654
43     -178      173       -5    351    12549    12548    -13    654
44     -178      174       -4    352    12553    12555     11    654
45     -178      173       -5    351    12546    12563     44    654
46     -178      175       -3    353    12547    12556     27    655
47     -179      174       -5    353    12550    12562     78    655
48     -179      175       -4    354    12550    12553     15    656
49     -179      174       -5    353    12554    12542    -32    656
50     -180      175       -5    355    12553    12544     -4    655
51     -179      174       -5    353    12553    12554    -27    655
52     -178      175       -3    353    12546    12552    -36    655
53     -179      174       -5    353    12552    12554    -48    655
54     -179      175       -4    354    12550    12549    -36    655
55     -178      174       -4    352    12554    12560     -6    655
56     -179      175       -4    354    12548    12550     15    655
57     -179      174       -5    353    12547    12552     44    655
58     -179      175       -4    354    12554    12566     69    655
59     -179      174       -5    353    12553    12556     17    656
60     -178      175       -3    353    12552    12552     11    656
61     -179      174       -5    353    12547    12550     -6    656
62     -179      174       -5    353    12547    12542      5    656
63     -179      175       -4    354    12554    12554      0    656
64     -179      174       -5    353    12555    12548     -8    656
65     -178      175       -3    353    12550    12542    -21    656
66     -179      174       -5    353    12558    12548    -27    656
67     -179      174       -5    353    12557    12547    -63    656
68     -178      174       -4    352    12554    12546    -23    655
69     -179      174       -5    353    12556    12542    -70    655
70     -179      174       -5    353    12556    12548    -21    654
71     -179      174       -5    353    12556    12549    -47    654
72     -178      174       -4    352    12554    12548    -51    654
73     -179      174       -5    353    12550    12552    -64    654
74     -179      174       -5    353    12554    12550    -57    654
75     -178      174       -4    352    12550    12546     -6    653
76     -179      174       -5    353    12550    12550      2    653
77     -179      174       -5    353    12547    12562     52    653
78     -178      174       -4    352    12552    12554     14    654
79     -179      175       -4    354    12549    12550     23    654
80     -179      174       -5    353    12560    12544      2    654
81     -179      174       -5    353    12553    12552    -21    654
82     -179      174       -5    353    12549    12550    -20    654
83     -178      174       -4    352    12550    12549    -25    654
84     -179      174       -5    353    12550    12549    -18    654
85     -179      174       -5    353    12550    12550    -11    654
86     -179      174       -5    353    12550    12548      0    654
87     -178      174       -4    352    12550    12548      1    654
88     -179      174       -5    353    12554    12553     -2    654
89     -179      174       -5    353    12550    12550     -1    654
90     -179      174       -5    353    12554    12552      4    654
91     -178      174       -4    352    12552    12548     12    654
92     -179      174       -5    353    12549    12550     39    654
93     -179      174       -5    353    12552    12556     48    654
94     -178      175       -3    353    12552    12557      0    655
95     -179      174       -5    353    12548    12556     31    655
96     -178      175       -3    353    12550    12549     57    655
97     -179      174       -5    353    12552    12558     76    655
98     -179      174       -5    353    12550    12550     -2    656
99     -178      175       -3    353    12554    12550    -37    656
 0     -179      174       -5    353    12556    12552    -48    656
 1     -179      174       -5    353    12554    12554     -4    655
 2     -178      175       -3    353    12546    12553     11    655
 3     -179      174       -5    353    12554    12550      8    655
 4     -179      175       -4    354    12556    12552     11    655
 5     -178      174       -4    352    12560    12552     -3    655
 6     -179      174       -5    353    12561    12550    -16    655
 7     -179      174       -5    353    12552    12548    -26    655
 8     -179      175       -4    354    12549    12550    -19    655
 9     -179      174       -5    353    12554    12558     11    655
10     -178      175       -3    353    12550    12552     28    655
11     -179      174       -5    353    12551    12547     22    655
12     -179      175       -4    354    12547    12559     49    655
13     -179      175       -4    354    12550    12564     14    656
14     -180      175       -5    355    12557    12545     -4    656
15     -179      174       -5    353    12555    12545    -55    656
16     -180      175       -5    355    12551    12548    -31    655
17     -180      175       -5    355    12555    12549    -59    655
18     -179      175       -4    354    12551    12547      0    654
19     -180      175       -5    355    12552    12555    -11    654
20     -179      175       -4    354    12547    12561     28    654
21     -180      175       -5    355    12550    12565     68    654
22     -179      176       -3    355    12555    12548     -3    655
23     -179      175       -4    354    12553    12551      4    655
24     -180      175       -5    355    12551    12553      7    655
25     -179      175       -4    354    12547    12556     13    655
26     -180      175       -5    355    12553    12545     -4    655
27     -179      175       -4    354    12557    12543    -26    655
28     -179      174       -5    353    12553    12556    -31    655
29     -179      175       -4    354    12548    12556     -4    655
30     -180      175       -5    355    12545    12553     25    655
31     -179      175       -4    354    12553    12553     25    655
32     -179      175       -4    354    12551    12552     37    655
33     -180      174       -6    354    12549    12549     22    655
34     -179      175       -4    354    12553    12541     -3    655
35     -179      174       -5    353    12553    12542    -25    655
36     -180      175       -5    355    12549    12548    -42    655
37     -179      174       -5    353    12555    12544      1    654
38     -179      175       -4    354    12549    12549      1    654
39     -179      175       -4    354    12547    12549     12    654
40     -179      174       -5    353    12547    12556     18    654
41     -180      175       -5    355    12547    12550     13    654
42     -179      174       -5    353    12549    12554     11    654
43     -179      175       -4    354    12551    12557     53    654
44     -179      175       -4    354    12547    12559     64    654
45     -179      174       -5    353    12549    12554      0    655
46     -179      175       -4    354    12553    12548    -33    655
47     -180      174       -6    354    12546    12548    -55    655
48     -179      175       -4    354    12547    12550    -63    655
49     -179      174       -5    353    12547    12555     14    654
50     -179      174       -5    353    12545    12547     39    654
51     -179      175       -4    354    12543    12547     58    654
52     -179      174       -5    353    12547    12546     71    654
53     -180      175       -5    355    12549    12551      3    655
54     -179      174       -5    353    12549    12548     13    655
55     -179      175       -4    354    12551    12551     38    655
56     -179      175       -4    354    12553    12560      2    656
57     -179      174       -5    353    12557    12551      5    656
58     -179      175       -4    354    12553    12554    -13    656
59     -180      175       -5    355    12555    12547    -57    656
60     -179      175       -4    354    12555    12550    -13    655
61     -179      175       -4    354    12553    12552    -50    655
62     -180      174       -6    354    12555    12558    -68    655
63     -179      175       -4    354    12557    12547    -12    654
64     -179      175       -4    354    12551    12547    -15    654
65     -179      174       -5    353    12553    12550    -18    654
66     -179      174       -5    353    12547    12556    -17    654
67     -179      174       -5    353    12547    12552    -14    654
68     -178      174       -4    352    12556    12555      0    654
69     -179      174       -5    353    12547    12556      3    654
70     -178      174       -4    352    12548    12554     48    654
71     -179      174       -5    353    12548    12558     31    655
72     -178      174       -4    352    12550    12558     43    655
73     -178      174       -4    352    12550    12564     76    655
74     -178      174       -4    352    12550    12550     -2    656
75     -179      174       -5    353    12552    12552      3    656
76     -178      174       -4    352    12554    12550     16    656
77     -179      174       -5    353    12558    12546     -5    656
78     -178      174       -4    352    12552    12544    -51    656
79     -179      174       -5    353    12558    12542    -24    655
80     -179      174       -5    353    12554    12550    -41    655
81     -178      174       -4    352    12554    12550    -38    655
82     -178      174       -4    352    12550    12552    -24    655
83     -179      174       -5    353    12546    12556     42    655
84     -178      174       -4    352    12554    12550     46    655
85     -179      175       -4    354    12557    12554     30    655
86     -178      173       -5    351    12552    12544     10    655
87     -179      174       -5    353    12558    12548    -11    655
88     -179      174       -5    353    12554    12551    -21    655
89     -178      174       -4    352    12552    12550    -31    655
90     -179      174       -5    353    12556    12550    -39    655
91     -178      175       -3    353    12556    12552    -58    655
92     -179      174       -5    353    12556    12554    -67    655
93     -179      174       -5    353    12550    12555    -59    655
94     -178      174       -4    352    12545    12560    -21    655
95     -179      175       -4    354    12550    12559      7    655
96     -179      174       -5    353    12545    12557     32    655
97     -178      175       -3    353    12551    12566     63    655
98     -179      174       -5    353    12554    12546     -4    656
99     -179      174       -5    353    12557    12544    -26    656
 0     -179      175       -4    354    12558    12544    -49    656
 1     -179      174       -5    353    12556    12544     -6    655
 2     -179      174       -5    353    12548    12547     -8    655
 3     -179      175       -4    354    12547    12546     -1    655
 4     -179      174       -5    353    12556    12548    -19    655
 5     -179      174       -5    353    12550    12554    -30    655
 6     -179      174       -5    353    12550    12560     -6    655
 7     -178      175       -3    353    12546    12556     47    655
 8     -179      174       -5    353    12548    12554     69    655
 9     -179      175       -4    354    12558    12552     10    656
10     -178      174       -4    352    12552    12554     29    656
11     -179      175       -4    354    12557    12555     42    656
12     -179      175       -4    354    12551    12555     71    656
13     -179      174       -5    353    12559    12549    -24    657
14     -179      175       -4    354    12551    12561     -9    657
15     -179      174       -5    353    12564    12544    -51    657
16     -179      174       -5    353    12545    12548      3    656
17     -179      175       -4    354    12550    12557     21    656
18     -179      174       -5    353    12554    12548      1    656
