31       -7        3       -4     10    12548    12564     68    659  -2094
32       -6        2       -4      8    12548    12554     19    660  -2098
33       -6        2       -4      8    12549    12554     27    660  -2102
34       -6        2       -4      8    12550    12554     50    660  -2106
35       -6        1       -5      7    12553    12555     64    660  -2110
36       -5        1       -4      6    12551    12555     71    660  -2113
37       -5        0       -5      5    12549    12544     64    660  -2115
38       -5        1       -4      6    12553    12556      1    661  -2118
39       -5        1       -4      6    12554    12548    -23    661  -2121
40       -4        0       -4      4    12552    12544    -38    661  -2123
41       -5        0       -5      5    12558    12552      1    660  -2125
42       -4        0       -4      4    12557    12541    -31    660  -2127
43       -4        0       -4      4    12556    12547      0    659  -2129
44       -4        0       -4      4    12557    12539    -46    659  -2131
45       -4        0       -4      4    12554    12553     -9    658  -2133
46       -4       -1       -5      3    12555    12553    -20    658  -2134
47       -4        0       -4      4    12552    12554     -3    658  -2136
48       -3       -1       -4      2    12549    12555     24    658  -2137
49       -4        0       -4      4    12549    12557     49    658  -2139
50       -3       -1       -4      2    12549    12552     70    658  -2140
51       -4       -1       -5      3    12562    12558    -11    659  -2141
52       -3       -1       -4      2    12555    12543    -14    659  -2142
53       -3       -1       -4      2    12553    12549    -31    659  -2143
54       -4       -1       -5      3    12557    12547    -74    659  -2144
55       -3       -1       -4      2    12553    12547    -21    658  -2145
56       -3       -1       -4      2    12559    12543    -74    658  -2146
57       -3       -1       -4      2    12556    12546    -44    657  -2147
58       -3       -1       -4      2    12554    12557    -58    657  -2148
59       -3       -1       -4      2    12549    12561     -9    657  -2149
60       -2       -2       -4      0    12548    12561     49    657  -2149
61       -3       -1       -4      2    12545    12550      5    658  -2150
62       -3       -2       -5      1    12552    12546    -30    658  -2150
63       -3       -1       -4      2    12554    12546    -52    658  -2151
64       -3       -1       -4      2    12546    12549     -1    657  -2152
65       -2       -2       -4      0    12558    12548    -26    657  -2152
66       -2       -2       -4      0    12554    12550    -48    657  -2152
67       -3       -1       -4      2    12558    12548    -60    657  -2153
68       -2       -2       -4      0    12552    12556    -67    657  -2153
69       -2       -2       -4      0    12558    12552     -1    656  -2153
70       -3       -2       -5      1    12546    12546     -5    656  -2153
71       -2       -2       -4      0    12550    12548    -16    656  -2153
72       -2       -2       -4      0    12546    12552     15    656  -2153
73       -3       -2       -5      1    12542    12554     43    656  -2153
74       -2       -2       -4      0    12551    12550     51    656  -2153
75       -2       -2       -4      0    12552    12550     69    656  -2153
76       -2       -2       -4      0    12554    12550     -9    657  -2153
77       -3       -1       -4      2    12544    12548    -26    657  -2154
78       -2       -2       -4      0    12544    12556    -10    657  -2154
79       -3       -2       -5      1    12550    12550      2    657  -2154
80       -2       -2       -4      0    12559    12544    -33    657  -2154
81       -3       -2       -5      1    12561    12546    -72    657  -2154
82       -2       -1       -3      1    12549    12560     21    656  -2154
83       -2       -2       -4      0    12546    12554     25    656  -2154
84       -3       -2       -5      1    12550    12552     36    656  -2154
85       -2       -2       -4      0    12554    12548     26    656  -2154
86       -3       -2       -5      1    12548    12558     54    656  -2154
87       -2       -1       -3      1    12550    12555      3    657  -2154
88       -2       -2       -4      0    12564    12548    -44    657  -2154
89       -3       -2       -5      1    12558    12552    -67    657  -2154
90       -2       -1       -3      1    12542    12554    -42    657  -2154
91       -3       -2       -5      1    12550    12558     -7    657  -2154
92       -2       -2       -4      0    12558    12552     28    657  -2154
93       -3       -2       -5      1    12546    12552     47    657  -2154
94       -2       -2       -4      0    12558    12554     55    657  -2154
95       -2       -2       -4      0    12554    12553     48    657  -2154
96       -2       -1       -3      1    12556    12554     43    657  -2154
97       -2       -2       -4      0    12548    12556     44    657  -2154
98       -3       -2       -5      1    12556    12560     -3    658  -2154
99       -2       -2       -4      0    12560    12548    -23    658  -2154
 0       -2       -2       -4      0    12566    12550     -5    657  -2154
 1       -2       -2       -4      0    12551    12552      3    657  -2154
 2       -2       -2       -4      0    12555    12549     17    657  -2154
 3       -3       -2       -5      1    12560    12544    -31    657  -2154
 4       -2       -2       -4      0    12566    12546     -4    656  -2154
 5       -2       -2       -4      0    12556    12548    -37    656  -2154
 6       -2       -2       -4      0    12554    12546    -68    656  -2154
 7       -2       -2       -4      0    12558    12549     -9    655  -2154
 8       -3       -2       -5      1    12546    12562     17    655  -2154
 9       -2       -2       -4      0    12554    12564     60    655  -2154
10       -2       -2       -4      0    12552    12552      7    656  -2154
11       -3       -1       -4      2    12548    12556     31    656  -2155
12       -2       -2       -4      0    12552    12550     20    656  -2155
13       -3       -2       -5      1    12548    12552      6    656  -2155
14       -2       -1       -3      1    12550    12548     15    656  -2155
15       -3       -2       -5      1    12554    12548     -4    656  -2155
16       -2       -2       -4      0    12560    12546    -70    656  -2155
17       -2       -2       -4      0    12555    12546    -24    655  -2155
18       -3       -1       -4      2    12556    12552    -43    655  -2156
19       -2       -2       -4      0    12563    12548     -3    654  -2156
20       -2       -2       -4      0    12556    12556      2    654  -2156
21       -3       -2       -5      1    12554    12552      1    654  -2156
22       -2       -2       -4      0    12554    12558     11    654  -2156
23       -2       -1       -3      1    12550    12558     24    654  -2156
24       -3       -2       -5      1    12545    12566     76    654  -2156
25       -2       -2       -4      0    12546    12562     41    655  -2156
26       -3       -1       -4      2    12546    12548     52    655  -2157
27       -3       -2       -5      1    12546    12542     27    655  -2157
28       -2       -2       -4      0    12550    12548     -6    655  -2157
29       -2       -1       -3      1    12550    12552    -25    655  -2157
30       -3       -2       -5      1    12556    12554    -16    655  -2157
31       -2       -1       -3      1    12552    12556      0    655  -2157
32       -3       -2       -5      1    12554    12550    -14    655  -2157
33       -2       -1       -3      1    12554    12552    -36    655  -2157
34       -3       -2       -5      1    12548    12552    -36    655  -2157
35       -3       -1       -4      2    12550    12550    -55    655  -2158
36       -2       -2       -4      0    12550    12555      4    654  -2158
37       -3       -1       -4      2    12548    12556     32    654  -2159
38       -3       -2       -5      1    12558    12562     41    654  -2159
39       -2       -1       -3      1    12548    12565     21    655  -2159
40       -3       -2       -5      1    12548    12554     56    655  -2159
41       -2       -2       -4      0    12552    12556     74    655  -2159
42       -3       -1       -4      2    12566    12544    -30    656  -2160
43       -2       -2       -4      0    12554    12562    -25    656  -2160
44       -3       -1       -4      2    12554    12556    -11    656  -2161
45       -2       -2       -4      0    12550    12558     10    656  -2161
46       -3       -2       -5      1    12554    12552      9    656  -2161
47       -2       -2       -4      0    12552    12546     -2    656  -2161
48       -2       -1       -3      1    12558    12541    -50    656  -2161
49       -3       -2       -5      1    12556    12548     -9    655  -2161
50       -2       -2       -4      0    12558    12545    -47    655  -2161
51       -3       -2       -5      1    12552    12550    -72    655  -2161
52       -2       -1       -3      1    12554    12548    -69    655  -2161
53       -3       -2       -5      1    12548    12554    -35    655  -2161
54       -2       -2       -4      0    12549    12558      1    655  -2161
55       -2       -2       -4      0    12546    12555     23    655  -2161
56       -2       -2       -4      0    12558    12550     25    655  -2161
57       -2       -2       -4      0    12559    12552     -8    655  -2161
58       -2       -2       -4      0    12550    12543    -46    655  -2161
59       -2       -2       -4      0    12554    12546     -2    654  -2161
60       -2       -2       -4      0    12545    12558     16    654  -2161
61       -3       -3       -6      0    12548    12556     48    654  -2161
62       -2       -2       -4      0    12561    12546     25    654  -2161
63       -2       -2       -4      0    12555    12547    -16    654  -2161
64       -2       -2       -4      0    12557    12552    -54    654  -2161
65       -2       -2       -4      0    12553    12549      3    653  -2161
66       -2       -2       -4      0    12554    12552    -18    653  -2161
67       -2       -2       -4      0    12551    12550    -44    653  -2161
68       -2       -2       -4      0    12553    12550    -44    653  -2161
69       -2       -2       -4      0    12550    12556    -17    653  -2161
70       -2       -2       -4      0    12552    12554      6    653  -2161
71       -2       -2       -4      0    12543    12564     58    653  -2161
72       -3       -2       -5      1    12552    12556     13    654  -2161
73       -2       -2       -4      0    12543    12561     53    654  -2161
74       -2       -2       -4      0    12552    12556     78    654  -2161
75       -2       -2       -4      0    12558    12550    -25    655  -2161
76       -2       -2       -4      0    12550    12550    -55    655  -2161
77       -2       -2       -4      0    12550    12552    -67    655  -2161
78       -2       -2       -4      0    12552    12546     -5    654  -2161
79       -2       -3       -5     -1    12553    12556     -4    654  -2161
80       -2       -2       -4      0    12548    12551     -4    654  -2161
81       -2       -2       -4      0    12556    12550    -48    654  -2161
82       -2       -2       -4      0    12558    12549     -5    653  -2161
83       -2       -2       -4      0    12557    12552    -27    653  -2161
84       -3       -2       -5      1    12554    12555    -16    653  -2161
85       -2       -2       -4      0    12554    12558     12    653  -2161
86       -2       -2       -4      0    12556    12562     38    653  -2161
87       -3       -1       -4      2    12544    12554     15    654  -2162
88       -2       -2       -4      0    12550    12553     36    654  -2162
89       -3       -2       -5      1    12546    12552     53    654  -2162
90       -2       -1       -3      1    12559    12550     38    654  -2162
91       -3       -2       -5      1    12560    12548     -3    654  -2162
92       -2       -2       -4      0    12566    12548    -44    654  -2162
93       -3       -2       -5      1    12552    12552    -66    654  -2162
94       -2       -1       -3      1    12548    12554     20    653  -2162
95       -2       -2       -4      0    12546    12564     72    653  -2162
96       -3       -2       -5      1    12550    12560     18    654  -2162
97       -3       -1       -4      2    12560    12553     20    654  -2163
98       -3       -2       -5      1    12547    12555     28    654  -2163
99       -2       -1       -3      1    12555    12553     22    654  -2163
 0       -3       -1       -4      2    12546    12554     39    654  -2164
 1       -3       -2       -5      1    12556    12552      4    654  -2164
 2       -2       -2       -4      0    12560    12544    -35    654  -2164
 3       -2       -2       -4      0    12553    12550    -61    654  -2164
 4       -3       -2       -5      1    12551    12554    -60    654  -2164
 5       -2       -2       -4      0    12556    12558    -59    654  -2164
 6       -2       -2       -4      0    12556    12550    -42    654  -2164
 7       -2       -2       -4      0    12554    12554    -44    654  -2164
 8       -2       -2       -4      0    12560    12552    -39    654  -2164
 9       -2       -2       -4      0    12548    12562    -10    654  -2164
10       -2       -3       -5     -1    12546    12556     21    654  -2164
11       -2       -2       -4      0    12554    12554     48    654  -2164
12       -2       -2       -4      0    12554    12553     73    654  -2164
13       -2       -2       -4      0    12549    12554      1    655  -2164
14       -2       -3       -5     -1    12557    12558    -10    655  -2164
15       -2       -2       -4      0    12557    12548    -37    655  -2164
16       -2       -2       -4      0    12555    12544      1    654  -2164
17       -2       -2       -4      0    12553    12552    -44    654  -2164
18       -2       -2       -4      0    12555    12550     -5    653  -2164
19       -2       -3       -5     -1    12551    12553    -16    653  -2164
20       -2       -2       -4      0    12551    12557    -11    653  -2164
21       -2       -2       -4      0    12544    12554     57    653  -2164
22       -2       -2       -4      0    12550    12553     76    653  -2164
23       -2       -2       -4      0    12560    12547    -13    654  -2164
24       -2       -3       -5     -1    12560    12548    -54    654  -2164
25       -2       -2       -4      0    12560    12552    -11    653  -2164
26       -1       -2       -3     -1    12549    12553     -6    653  -2164
27       -2       -3       -5     -1    12553    12555      1    653  -2164
28       -3       -2       -5      1    12548    12548     -9    653  -2164
29       -2       -2       -4      0    12552    12549    -22    653  -2164
30       -2       -2       -4      0    12550    12556      1    653  -2164
31       -2       -2       -4      0    12543    12565     58    653  -2164
32       -2       -2       -4      0    12556    12555     -7    654  -2164
33       -2       -2       -4      0    12552    12548    -23    654  -2164
34       -2       -2       -4      0    12551    12552    -21    654  -2164
35       -2       -3       -5     -1    12546    12553     10    654  -2164
36       -1       -2       -3     -1    12551    12556     37    654  -2164
37       -2       -2       -4      0    12551    12558     57    654  -2164
38       -2       -3       -5     -1    12559    12553     46    654  -2164
39       -1       -2       -3     -1    12557    12545      5    654  -2164
40       -2       -3       -5     -1    12553    12551      6    654  -2164
41       -1       -3       -4     -2    12551    12553    -10    654  -2163
42       -2       -2       -4      0    12556    12553     -9    654  -2163
43       -1       -3       -4     -2    12553    12555      5    654  -2162
44       -2       -2       -4      0    12553    12553      5    654  -2162
45       -2       -3       -5     -1    12560    12547    -29    654  -2162
46       -1       -2       -3     -1    12559    12547    -67    654  -2162
47       -2       -3       -5     -1    12560    12547    -29    653  -2162
48       -2       -2       -4      0    12557    12551    -58    653  -2162
49       -2       -2       -4      0    12550    12546    -73    653  -2162
50       -2       -3       -5     -1    12552    12560     14    652  -2162
51       -2       -2       -4      0    12552    12552     24    652  -2162
52       -2       -3       -5     -1    12559    12551     35    652  -2162
53       -2       -2       -4      0    12550    12559     56    652  -2162
54       -2       -2       -4      0    12552    12556     10    653  -2162
55       -2       -3       -5     -1    12550    12561     35    653  -2162
56       -2       -2       -4      0    12544    12556     13    654  -2162
57       -2       -2       -4      0    12548    12551     36    654  -2162
58       -2       -2       -4      0    12554    12556     54    654  -2162
59       -2       -2       -4      0    12561    12546      9    654  -2162
60       -2       -2       -4      0    12562    12548    -34    654  -2162
61       -2       -2       -4      0    12550    12548    -56    654  -2162
62       -2       -2       -4      0    12554    12547    -58    654  -2162
63       -2       -2       -4      0    12551    12554    -49    654  -2162
64       -2       -2       -4      0    12548    12554    -35    654  -2162
65       -2       -2       -4      0    12557    12548    -45    654  -2162
66       -2       -3       -5     -1    12553    12548      0    653  -2162
67       -2       -2       -4      0    12556    12550    -27    653  -2162
68       -2       -2       -4      0    12550    12548    -33    653  -2162
69       -2       -2       -4      0    12554    12550    -60    653  -2162
70       -2       -2       -4      0    12552    12552      4    652  -2162
71       -2       -3       -5     -1    12548    12559     62    652  -2162
72       -2       -2       -4      0    12548    12557     31    653  -2162
73       -2       -2       -4      0    12556    12558     41    653  -2162
74       -2       -2       -4      0    12558    12555     18    653  -2162
75       -2       -2       -4      0    12550    12553     11    653  -2162
76       -1       -2       -3     -1    12555    12546    -28    653  -2162
77       -2       -3       -5     -1    12558    12552    -51    653  -2162
78       -2       -2       -4      0    12555    12548     -3    652  -2162
79       -2       -2       -4      0    12558    12549    -13    652  -2162
80       -2       -3       -5     -1    12546    12565     26    652  -2162
81       -2       -2       -4      0    12548    12556     62    652  -2162
82       -2       -2       -4      0    12560    12556     57    652  -2162
83       -3       -2       -5      1    12556    12553     37    652  -2162
84       -2       -2       -4      0    12554    12552     27    652  -2162
85       -2       -2       -4      0    12552    12554     46    652  -2162
86       -2       -2       -4      0    12550    12558      5    653  -2162
87       -3       -2       -5      1    12554    12556     37    653  -2162
88       -2       -2       -4      0    12553    12556     52    653  -2162
89       -2       -1       -3      1    12552    12551     47    653  -2162
90       -2       -3       -5     -1    12548    12556     51    653  -2162
91       -3       -2       -5      1    12552    12552     60    653  -2162
92       -2       -2       -4      0    12550    12546     67    653  -2162
93       -2       -1       -3      1    12554    12552      9    654  -2162
94       -2       -3       -5     -1    12546    12557     35    654  -2162
95       -3       -2       -5      1    12554    12558     30    654  -2162
96       -2       -2       -4      0    12556    12558     42    654  -2162
97       -2       -2       -4      0    12548    12552     64    654  -2162
98       -2       -2       -4      0    12552    12552      1    655  -2162
99       -2       -2       -4      0    12546    12550     -8    655  -2162
 0       -2       -2       -4      0    12558    12545    -41    655  -2162
 1       -2       -2       -4      0    12554    12550     -6    654  -2162
 2       -2       -2       -4      0    12554    12542    -53    654  -2162
 3       -3       -2       -5      1    12554    12546    -14    653  -2162
 4       -2       -2       -4      0    12556    12546    -67    653  -2162
 5       -2       -3       -5     -1    12556    12551    -33    652  -2162
 6       -2       -2       -4      0    12562    12550    -66    652  -2162
 7       -2       -1       -3      1    12552    12548    -79    652  -2162
 8       -2       -2       -4      0    12554    12554     -2    651  -2162
 9       -3       -2       -5      1    12554    12550      7    651  -2162
10       -2       -2       -4      0    12548    12558     18    651  -2162
11       -2       -2       -4      0    12554    12554      9    651  -2162
12       -2       -2       -4      0    12558    12554     21    651  -2162
13       -3       -2       -5      1    12554    12555     40    651  -2162
14       -2       -2       -4      0    12561    12556     44    651  -2162
15       -2       -2       -4      0    12554    12554     42    651  -2162
16       -3       -2       -5      1    12552    12556     55    651  -2162
17       -2       -1       -3      1    12550    12557     -3    652  -2162
18       -3       -2       -5      1    12560    12555    -12    652  -2162
19       -2       -2       -4      0    12556    12550    -37    652  -2162
20       -3       -1       -4      2    12556    12551    -58    652  -2163
21       -2       -2       -4      0    12552    12550    -70    652  -2163
22       -3       -2       -5      1    12554    12560      5    651  -2163
23       -2       -2       -4      0    12554    12552     20    651  -2163
24       -3       -2       -5      1    12549    12558     50    651  -2163
25       -2       -2       -4      0    12550    12556     74    651  -2163
26       -3       -2       -5      1    12544    12562     42    652  -2163
27       -2       -1       -3      1    12552    12562      5    653  -2163
28       -2       -2       -4      0    12549    12558     38    653  -2163
29       -3       -2       -5      1    12552    12562     -1    654  -2163
30       -2       -1       -3      1    12559    12556      0    654  -2163
31       -3       -2       -5      1    12554    12555     34    654  -2163
32       -2       -1       -3      1    12550    12558     63    654  -2163
33       -2       -2       -4      0    12550    12558     75    654  -2163
34       -3       -2       -5      1    12556    12544    -30    655  -2163
35       -2       -2       -4      0    12562    12544     -6    654  -2163
36       -3       -2       -5      1    12550    12552    -29    654  -2163
37       -2       -2       -4      0    12556    12554    -42    654  -2163
38       -2       -1       -3      1    12546    12562    -26    654  -2163
39       -3       -2       -5      1    12552    12550    -10    654  -2163
40       -2       -2       -4      0    12564    12560      0    654  -2163
41       -2       -2       -4      0    12554    12555     11    654  -2163
42       -2       -2       -4      0    12558    12550     20    654  -2163
43       -2       -1       -3      1    12556    12560     36    654  -2163
44       -3       -2       -5      1    12546    12552     64    654  -2163
45       -2       -2       -4      0    12556    12551     -5    655  -2163
46       -2       -2       -4      0    12553    12552    -10    655  -2163
47       -2       -2       -4      0    12557    12546    -50    655  -2163
48       -2       -2       -4      0    12556    12552    -12    654  -2163
49       -2       -2       -4      0    12560    12548    -50    654  -2163
50       -2       -2       -4      0    12550    12557    -25    654  -2163
51       -2       -2       -4      0    12552    12552     -6    654  -2163
52       -2       -2       -4      0    12554    12546     -9    654  -2163
53       -2       -2       -4      0    12552    12550    -25    654  -2163
54       -2       -2       -4      0    12558    12550    -35    654  -2163
55       -2       -3       -5     -1    12552    12554    -36    654  -2163
56       -2       -2       -4      0    12550    12554    -24    654  -2163
57       -2       -2       -4      0    12553    12552    -28    654  -2163
58       -2       -2       -4      0    12554    12554     -4    654  -2163
59       -2       -2       -4      0    12551    12553      4    654  -2163
60       -2       -2       -4      0    12548    12553      3    654  -2163
61       -1       -2       -3     -1    12553    12550     18    654  -2163
62       -3       -2       -5      1    12556    12559     29    654  -2163
63       -2       -2       -4      0    12548    12566      2    655  -2163
64       -2       -2       -4      0    12549    12560     26    655  -2163
65       -2       -2       -4      0    12548    12558     42    655  -2163
66       -2       -2       -4      0    12558    12558     51    655  -2163
67       -2       -2       -4      0    12550    12554     -5    656  -2163
68       -3       -2       -5      1    12554    12554    -14    656  -2163
69       -2       -1       -3      1    12552    12548    -45    656  -2163
70       -2       -2       -4      0    12556    12550      1    655  -2163
71       -2       -2       -4      0    12557    12552    -22    655  -2163
72       -2       -2       -4      0    12552    12550    -31    655  -2163
73       -2       -2       -4      0    12553    12548    -38    655  -2163
74       -2       -2       -4      0    12554    12550    -49    655  -2163
75       -2       -2       -4      0    12556    12545    -70    655  -2163
76       -2       -2       -4      0    12557    12547    -39    654  -2163
77       -2       -2       -4      0    12558    12550    -78    654  -2163
78       -2       -3       -5     -1    12559    12564    -10    653  -2163
79       -2       -2       -4      0    12551    12554     21    653  -2163
80       -2       -2       -4      0    12551    12563     61    653  -2163
81       -2       -2       -4      0    12549    12557      9    654  -2163
82       -1       -3       -4     -2    12561    12553     -3    654  -2162
83       -2       -2       -4      0    12551    12547    -17    654  -2162
84       -2       -2       -4      0    12553    12536    -68    654  -2162
85       -2       -3       -5     -1    12555    12545     -4    653  -2162
86       -2       -2       -4      0    12551    12548    -32    653  -2162
87       -1       -3       -4     -2    12551    12550    -61    653  -2161
88       -2       -2       -4      0    12552    12554    -14    652  -2161
89       -2       -2       -4      0    12551    12565     18    652  -2161
90       -2       -2       -4      0    12550    12560     60    652  -2161
91       -2       -2       -4      0    12547    12561     24    653  -2161
92       -2       -3       -5     -1    12560    12553     39    653  -2161
93       -2       -2       -4      0    12551    12555      1    654  -2161
94       -2       -2       -4      0    12556    12554     13    654  -2161
95       -2       -2       -4      0    12552    12550     -5    654  -2161
96       -2       -2       -4      0    12548    12556     -3    654  -2161
97       -2       -2       -4      0    12552    12556     11    654  -2161
98       -2       -2       -4      0    12550    12554     37    654  -2161
99       -1       -2       -3     -1    12547    12558     72    654  -2161
 0       -3       -2       -5      1    12550    12556     21    655  -2161
 1       -1       -2       -3     -1    12553    12559     29    655  -2161
 2       -2       -2       -4      0    12562    12547      4    655  -2161
 3       -2       -3       -5     -1    12555    12541    -36    655  -2161
 4       -2       -2       -4      0    12556    12550    -74    655  -2161
 5       -2       -2       -4      0    12551    12549     -9    654  -2161
 6       -2       -3       -5     -1    12554    12560     -2    654  -2161
 7       -2       -2       -4      0    12551    12551      0    654  -2161
 8       -2       -2       -4      0    12558    12547    -13    654  -2161
 9       -2       -3       -5     -1    12557    12549    -42    654  -2161
10       -2       -2       -4      0    12554    12545      0    653  -2161
11       -2       -2       -4      0    12550    12551      6    653  -2161
12       -2       -2       -4      0    12558    12563     30    653  -2161
13       -2       -2       -4      0    12550    12564     66    653  -2161
14       -2       -2       -4      0    12552    12554     15    654  -2161
15       -2       -2       -4      0    12554    12555     48    654  -2161
16       -1       -2       -3     -1    12553    12552     55    654  -2161
17       -2       -3       -5     -1    12550    12545     29    654  -2161
18       -2       -2       -4      0    12555    12550     -1    654  -2161
19       -2       -3       -5     -1    12558    12550    -31    654  -2161
20       -2       -2       -4      0    12548    12549    -68    654  -2161
21       -1       -3       -4     -2    12554    12547    -12    653  -2160
22       -2       -2       -4      0    12551    12543    -43    653  -2160
23       -2       -3       -5     -1    12553    12549    -46    653  -2160
24       -2       -2       -4      0    12551    12550    -42    653  -2160
25       -2       -3       -5     -1    12555    12549    -44    653  -2160
26       -2       -2       -4      0    12550    12551    -33    653  -2160
27       -2       -2       -4      0    12550    12565      7    653  -2160
28       -1       -2       -3     -1    12547    12562      0    654  -2160
29       -2       -3       -5     -1    12551    12555     29    654  -2160
30       -2       -2       -4      0    12547    12559     36    654  -2160
31       -2       -3       -5     -1    12559    12543     15    654  -2160
32       -1       -2       -3     -1    12561    12546    -28    654  -2160
33       -2       -3       -5     -1    12551    12549    -48    654  -2160
34       -1       -2       -3     -1    12551    12555    -32    654  -2160
35       -2       -3       -5     -1    12549    12549    -39    654  -2160
36       -2       -2       -4      0    12553    12553    -44    654  -2160
37       -2       -3       -5     -1    12554    12547    -50    654  -2160
38       -1       -3       -4     -2    12555    12553    -66    654  -2159
39       -2       -2       -4      0    12549    12544     -2    653  -2159
40       -1       -3       -4     -2    12551    12548    -26    653  -2158
41       -2       -3       -5     -1    12557    12547    -61    653  -2158
42       -2       -3       -5     -1    12555    12553     -1    652  -2158
43       -1       -2       -3     -1    12543    12560     -3    653  -2158
44       -2       -3       -5     -1    12553    12550     15    653  -2158
45       -1       -3       -4     -2    12551    12547     -4    653  -2157
46       -2       -2       -4      0    12547    12553     -8    653  -2157
47       -1       -3       -4     -2    12553    12553     14    653  -2156
48       -2       -2       -4      0    12555    12561     36    653  -2156
49       -2       -2       -4      0    12551    12558     62    653  -2156
50       -2       -3       -5     -1    12555    12554     48    653  -2156
51       -2       -2       -4      0    12554    12550     19    653  -2156
52       -1       -2       -3     -1    12561    12552     19    653  -2156
53       -2       -2       -4      0    12553    12548      5    653  -2156
54       -2       -3       -5     -1    12548    12559     15    653  -2156
55       -2       -2       -4      0    12551    12557     42    653  -2156
56       -2       -3       -5     -1    12543    12551     61    653  -2156
57       -2       -2       -4      0    12550    12557     72    653  -2156
58       -2       -2       -4      0    12552    12560     14    654  -2156
59       -2       -2       -4      0    12552    12549     34    654  -2156
60       -3       -2       -5      1    12554    12550     51    654  -2156
61       -2       -2       -4      0    12546    12554     74    654  -2156
62       -2       -2       -4      0    12554    12542    -29    655  -2156
63       -2       -2       -4      0    12555    12546    -60    655  -2156
64       -3       -2       -5      1    12548    12548     -5    654  -2156
65       -2       -2       -4      0    12557    12546    -36    654  -2156
66       -2       -2       -4      0    12556    12554    -49    654  -2156
67       -2       -2       -4      0    12548    12564    -17    654  -2156
68       -2       -1       -3      1    12547    12556      4    654  -2156
69       -3       -2       -5      1    12552    12555     28    654  -2156
70       -2       -2       -4      0    12550    12558     39    654  -2156
71       -3       -1       -4      2    12556    12545     14    654  -2157
72       -3       -2       -5      1    12552    12548     -4    654  -2157
73       -2       -1       -3      1    12553    12555    -11    654  -2157
74       -3       -2       -5      1    12552    12554    -16    654  -2157
75       -2       -1       -3      1    12548    12556      3    654  -2157
76       -2       -2       -4      0    12546    12556     41    654  -2157
77       -3       -1       -4      2    12554    12560     75    654  -2158
78       -2       -2       -4      0    12554    12555     22    655  -2158
79       -2       -2       -4      0    12550    12546      8    655  -2158
80       -3       -3       -6      0    12554    12549    -20    655  -2158
81       -2       -2       -4      0    12554    12551    -31    655  -2158
82       -2       -2       -4      0    12560    12543    -78    655  -2158
83       -2       -2       -4      0    12552    12549    -21    654  -2158
