24     -273      277        4    548    13338    13393     48   2889
25     -271      277        6    549    13376    13325     13   2890
26     -273      276        3    550    13340    13376     21   2889
27     -272      277        5    549    13354    13355     23   2889
28     -272      277        5    549    13342    13376     13   2889
29     -272      276        4    548    13360    13356    -18   2888
30     -273      277        4    550    13347    13362     39   2887
31     -271      278        7    548    13344    13391     23   2889
32     -272      276        4    549    13335    13386     50   2889
33     -272      277        5    549    13335    13383     35   2889
34     -272      278        6    549    13356    13357     21   2891
35     -273      276        3    549    13368    13331    -27   2890
36     -272      277        5    550    13350    13375     -3   2889
37     -272      277        5    549    13341    13383     26   2889
38     -272      277        5    549    13352    13373    -20   2890
39     -272      276        4    548    13354    13373     60   2889
40     -271      278        7    548    13340    13389     73   2890
41     -272      276        4    549    13358    13361     13   2890
42     -272      277        5    549    13335    13390     35   2890
43     -272      277        5    549    13374    13335    -75   2891
44     -272      277        5    549    13338    13384     44   2890
45     -272      276        4    548    13362    13358     13   2889
46     -272      278        6    549    13368    13355      4   2890
47     -272      276        4    549    13374    13335    -22   2889
48     -271      277        6    548    13360    13345     20   2889
49     -272      277        5    549    13326    13410     13   2890
50     -272      277        5    549    13330    13396     17   2891
51     -272      277        5    549    13346    13386     -4   2891
52     -272      277        5    549    13324    13412     24   2891
53     -272      277        5    548    13368    13349     17   2891
54     -272      277        5    550    13344    13385     50   2891
55     -273      277        4    549    13344    13382     51   2890
56     -272      276        4    549    13377    13337     -6   2889
57     -272      277        5    549    13350    13372     18   2889
58     -273      277        4    550    13344    13368     49   2888
59     -272      278        6    550    13345    13382     24   2889
60     -272      277        5    549    13342    13382     65   2889
61     -272      277        5    549    13356    13360    -24   2890
62     -273      278        5    550    13352    13358    -15   2890
63     -272      277        5    550    13385    13316    -74   2890
64     -272      277        5    549    13368    13332    -16   2889
65     -273      277        4    549    13338    13374    -29   2889
66     -272      277        5    550    13364    13352     25   2888
67     -272      277        5    549    13348    13375     36   2888
68     -272      277        5    549    13336    13389     54   2887
69     -272      277        5    549    13361    13354    -11   2887
70     -272      277        5    549    13369    13343    -70   2886
71     -272      278        6    550    13316    13406     32   2887
72     -272      277        5    549    13356    13365    -14   2886
73     -273      278        5    550    13348    13363     11   2886
74     -271      277        6    549    13354    13364     68   2886
75     -273      277        4    549    13360    13355      5   2887
76     -271      277        6    549    13356    13368     -8   2888
77     -272      277        5    548    13361    13340    -19   2887
78     -272      277        5    550    13377    13321     -1   2888
79     -272      277        5    548    13342    13377      2   2888
80     -272      276        4    549    13340    13381      3   2888
81     -272      277        5    549    13324    13408     26   2887
82     -272      277        5    548    13362    13347    -13   2887
83     -272      277        5    549    13382    13333     -2   2888
84     -271      277        6    549    13340    13381     35   2887
85     -272      277        5    549    13342    13372     37   2889
86     -272      277        5    549    13376    13329    -32   2888
87     -272      277        5    549    13344    13388     21   2888
88     -272      276        4    548    13376    13331    -10   2886
89     -272      278        6    549    13358    13349     23   2887
90     -272      277        5    549    13336    13386     58   2887
91     -272      277        5    550    13350    13361     -1   2888
92     -272      277        5    549    13344    13372     65   2889
93     -272      277        5    549    13399    13293    -17   2887
94     -272      277        5    549    13320    13418     10   2888
95     -272      277        5    549    13362    13344    -13   2888
96     -272      277        5    549    13344    13388     46   2887
97     -272      278        6    550    13320    13414     18   2888
98     -273      277        4    549    13344    13382     36   2888
99     -272      278        6    550    13320    13418     10   2890
 0     -272      277        5    550    13332    13390     43   2890
 1     -272      277        5    549    13354    13359    -29   2891
 2     -272      278        6    549    13339    13380    -19   2890
 3     -273      277        4    551    13369    13328    -53   2889
 4     -272      277        5    549    13356    13366     28   2889
 5     -272      277        5    549    13375    13316    -48   2889
 6     -272      277        5    549    13340    13380     12   2887
 7     -272      277        5    549    13318    13406      1   2889
 8     -272      277        5    549    13380    13319    -26   2888
 9     -272      277        5    549    13328    13402     65   2887
10     -272      277        5    549    13361    13353     41   2887
11     -272      277        5    548    13360    13353    -44   2887
12     -272      276        4    549    13342    13388     42   2886
13     -272      277        5    549    13341    13389     35   2887
14     -272      277        5    549    13345    13367     50   2886
15     -271      277        6    548    13338    13387     26   2888
16     -272      277        5    549    13342    13376      6   2889
17     -272      277        5    548    13350    13375     26   2889
18     -272      277        5    549    13336    13410      7   2890
19     -272      276        4    549    13364    13351    -34   2889
20     -272      277        5    549    13366    13353      2   2889
21     -272      277        5    549    13334    13384     15   2889
22     -272      277        5    547    13360    13355    -22   2889
23     -271      276        5    549    13358    13353    -20   2888
24     -272      277        5    549    13354    13365     -8   2887
25     -272      277        5    549    13344    13371      6   2887
26     -272      277        5    549    13358    13352    -22   2888
27     -272      277        5    549    13350    13359    -42   2888
28     -271      277        6    548    13333    13391     29   2888
29     -272      278        6    549    13338    13376    -20   2890
30     -272      276        4    549    13332    13388     40   2889
31     -273      277        4    550    13363    13351     11   2889
32     -272      277        5    549    13348    13365     31   2888
33     -272      277        5    549    13371    13331    -72   2888
34     -273      277        4    549    13352    13360      2   2886
35     -272      277        5    550    13320    13412     71   2887
36     -272      278        6    550    13335    13386     58   2888
37     -272      277        5    549    13348    13375    -16   2889
38     -273      277        4    549    13340    13378     41   2889
39     -272      278        6    551    13371    13357     54   2890
40     -272      277        5    549    13348    13375     15   2890
41     -272      277        5    549    13336    13383     59   2888
42     -272      277        5    549    13350    13359     15   2890
43     -272      277        5    549    13363    13336    -28   2890
44     -272      277        5    549    13334    13392     11   2889
45     -273      277        4    550    13340    13388     19   2889
46     -272      277        5    549    13354    13373     67   2889
47     -272      277        5    549    13332    13401     69   2889
48     -272      277        5    549    13361    13340     35   2889
49     -273      277        4    549    13342    13368     -8   2889
50     -272      277        5    550    13391    13309    -25   2888
51     -272      277        5    549    13358    13350    -39   2888
52     -273      277        4    549    13344    13375     55   2886
53     -272      277        5    550    13381    13322    -60   2886
54     -271      277        6    548    13348    13372     20   2886
55     -273      277        4    550    13358    13367     17   2885
